0.0 0.14184397163120568 0.0 0.13853493206478995 0.13380281690140844 0.0 0.0 0.0 0.0 0.0 0.0 0.0 0.0 0.13380281690140844 0.1258741258741259 0.0 0.0 0.0 0.0 0.0 0.0 0.0 0.0 0.0 0.0 0.0 0.0 0.0 0.0 0.0 0.0 0.0 0.0 0.0 0.04245339336465023 0.0 0.14184397163120568 0.0 0.0 0.0 0.0 0.0 0.0 0.0 0.0 0.0 0.0 0.0 0.0 0.14184397163120568 label:1
0.0 0.15827338129496402 0.0 0.13711185646782417 0.0 0.0 0.0 0.0 0.0 0.0 0.0 0.0 0.0 0.0 0.14184397163120568 0.0 0.0 0.0 0.0 0.0 0.0 0.0 0.0 0.0 0.0 0.0 0.0 0.0 0.0 0.0 0.0 0.0 0.0 0.0 0.13380281690140844 0.0 0.0 0.0 0.0 0.0 0.0 0.0 0.13380281690140844 0.0 0.0 0.13380281690140844 0.0 0.0 0.0 0.13380281690140844 label:1
0.10624329390103601 0.0 0.0 0.0 0.0 0.0 0.0 0.0 0.0 0.0 0.0 0.0 0.0 0.0 0.0 0.14184397163120568 0.0 0.0 0.0 0.0 0.14184397163120568 0.13380281690140844 0.0 0.0 0.0 0.0 0.0 0.0 0.0 0.0 0.0 0.0 0.0 0.0 0.0 0.0 0.0 0.0 0.0 0.0 0.0 0.0 0.0 0.0 0.2838028169014084 0.14184397163120568 0.0 0.0 0.0 0.0 label:1
0.0 0.0 0.0 0.0 0.0 0.0 0.14184397163120568 0.0 0.0 0.0 0.0 0.0 0.0 0.0 0.0 0.0 0.0 0.13380281690140844 0.0 0.0 0.14184397163120568 0.0 0.0 0.0 0.0 0.0 0.0 0.14184397163120568 0.0 0.0 0.0 0.0 0.0 0.0 0.0 0.0 0.0 0.0 0.13380281690140844 0.14184397163120568 0.0 0.0 0.0 0.0 0.0 0.0 0.0 0.0 0.0 0.0 label:1
0.0 0.0 0.15 0.0 0.0 0.0 0.0 0.0 0.0 0.07261496201745365 0.0 0.0 0.0 0.0 0.0 0.15 0.0 0.13380281690140844 0.0 0.14184397163120568 0.0 0.0 0.0 0.0 0.0 0.0 0.0 0.0 0.0 0.0 0.0 0.0 0.0 0.0 0.0 0.0 0.0 0.0 0.28368794326241137 0.0 0.0 0.0 0.0 0.0 0.0 0.0 0.0 0.0 0.0 0.0 label:1
0.0 0.0 0.13380281690140844 0.0 0.0 0.0 0.0 0.0 0.0 0.06922900961375203 0.0 0.0 0.0 0.0 0.0 0.0 0.0 0.0 0.0 0.13380281690140844 0.0 0.0 0.0 0.0 0.0 0.0 0.0 0.0 0.14184397163120568 0.0 0.0 0.0 0.10383062478840552 0.0 0.0 0.0 0.14184397163120568 0.0 0.0 0.14184397163120568 0.0 0.0 0.0 0.0 0.13380281690140844 0.0 0.0 0.0 0.0 0.0 label:1
0.0 0.0 0.0 0.0 0.0 0.1258741258741259 0.1258741258741259 0.0 0.0 0.0 0.0 0.14184397163120568 0.0 0.0 0.1258741258741259 0.0 0.14184397163120568 0.0 0.0 0.0 0.0 0.0 0.0 0.0 0.0 0.0 0.0 0.0 0.0 0.0 0.0 0.0 0.16377500901441136 0.0 0.0 0.13380281690140844 0.0 0.0 0.0 0.0 0.0 0.0 0.0 0.0 0.0 0.0 0.0 0.0 0.0 0.0 label:1
0.0 0.0 0.0 0.14184397163120568 0.3399331497731601 0.0 0.0 0.0 0.0 0.0 0.0 0.0 0.0 0.0 0.0 0.0 0.0 0.0 0.0 0.0 0.0 0.0 0.0 0.14184397163120568 0.0 0.0 0.14184397163120568 0.0 0.0 0.0 0.0 0.0 0.0 0.0 0.0 0.0 0.0 0.0 0.0 0.0 0.0 0.0 0.0 0.13380281690140844 0.0 0.0 0.0 0.0 0.0 0.0 label:1
0.0 0.0 0.0 0.0 0.06962891936337717 0.0 0.0 0.0 0.0 0.0 0.0 0.0 0.0 0.0 0.0 0.08688884167250749 0.0 0.0 0.0 0.0 0.0 0.0 0.0 0.14184397163120568 0.0 0.0 0.0 0.0 0.14184397163120568 0.0 0.0 0.0 0.0 0.0 0.0 0.0 0.0 0.0 0.14184397163120568 0.13380281690140844 0.0 0.0 0.15827338129496402 0.1258741258741259 0.0 0.0 0.0 0.0 0.0 0.0 label:1
0.23559526460727923 0.0 0.0 0.0 0.0 0.14184397163120568 0.0 0.2838028169014084 0.0 0.0 0.0 0.0 0.0 0.0 0.0 0.0 0.0 0.0 0.0 0.0 0.0 0.0 0.0 0.0 0.0 0.0 0.0 0.0 0.0 0.14184397163120568 0.0 0.0 0.0 0.0 0.0 0.0 0.0 0.0 0.0 0.0 0.13380281690140844 0.0 0.0 0.0 0.0 0.0 0.0 0.0 0.0 0.0 label:1
0.18189549555654058 0.15 0.14184397163120568 0.0 0.0 0.0 0.0 0.0 0.0 0.0 0.0 0.0 0.0 0.14184397163120568 0.0 0.0 0.0 0.0 0.0 0.0 0.0 0.0 0.0 0.0 0.0 0.0 0.0 0.0 0.0 0.0 0.0 0.0 0.10072861791863669 0.0 0.0 0.0 0.0 0.0 0.0 0.14184397163120568 0.14184397163120568 0.0 0.0 0.0 0.0 0.0 0.0 0.0 0.0 0.0 label:1
0.0 0.0 0.0 0.0 0.0 0.0 0.0 0.0 0.0 0.10759106922220277 0.0 0.0 0.0 0.27564678853261415 0.0 0.14184397163120568 0.0 0.0 0.0 0.0 0.0 0.0 0.0 0.0 0.0 0.0 0.0 0.0 0.0 0.0 0.0 0.0 0.0 0.0 0.0 0.0 0.0 0.0 0.0 0.2838028169014084 0.0 0.0 0.0 0.0 0.0 0.0 0.0 0.0 0.15 0.0 label:1
0.0 0.0 0.13380281690140844 0.0 0.0 0.0 0.0 0.0 0.0 0.0 0.0 0.0 0.0 0.0 0.0 0.0 0.0 0.0 0.0 0.0 0.0 0.0 0.0 0.0 0.0 0.15 0.0 0.0 0.0 0.13065070362436038 0.0 0.13380281690140844 0.14184397163120568 0.0 0.0 0.0 0.13380281690140844 0.0 0.0 0.0 0.0 0.0 0.0 0.14184397163120568 0.0 0.0 0.0 0.0 0.0 0.0 label:1
0.0 0.0 0.0 0.0 0.0 0.0 0.0 0.0 0.0 0.14184397163120568 0.0 0.0 0.15 0.0 0.13380281690140844 0.0 0.0 0.13380281690140844 0.27564678853261415 0.0 0.0 0.0 0.0 0.0 0.0 0.0 0.0 0.1258741258741259 0.0 0.0 0.0 0.0 0.0 0.0 0.0 0.0 0.0 0.0 0.0 0.0 0.0 0.0 0.0 0.0 0.0 0.0 0.0 0.0 0.0 0.0 label:1
0.0 0.0 0.0 0.0 0.10596660474901634 0.0 0.0 0.0 0.0 0.0 0.0 0.13380281690140844 0.0 0.0 0.0 0.0 0.0 0.0 0.0 0.13380281690140844 0.0 0.0 0.0 0.0 0.0 0.0 0.0 0.0 0.13380281690140844 0.0 0.2677180975053316 0.0 0.0 0.0 0.0 0.0 0.0 0.0 0.13380281690140844 0.0 0.0 0.0 0.0 0.0 0.0 0.0 0.0 0.0 0.0 0.0 label:1
0.0 0.0 0.0 0.0 0.0 0.0 0.0 0.0 0.14184397163120568 0.0 0.0 0.14184397163120568 0.0 0.0 0.0 0.0 0.0 0.14184397163120568 0.0 0.0 0.0 0.13380281690140844 0.0 0.0 0.0 0.0 0.0 0.0 0.0 0.0 0.0 0.2480813550825813 0.0 0.0 0.0 0.0 0.0 0.0 0.0 0.0 0.0 0.0 0.0 0.0 0.14184397163120568 0.0 0.0 0.0 0.0 0.0 label:1
0.0 0.0 0.0 0.0 0.0 0.0 0.14184397163120568 0.0 0.0 0.0 0.0 0.0 0.0 0.0 0.0 0.0 0.0 0.0 0.0 0.0 0.0 0.0 0.15 0.0 0.0 0.0 0.1258741258741259 0.13380281690140844 0.0 0.12918455415101873 0.0 0.0 0.0 0.0 0.0 0.0 0.0 0.0 0.0 0.0 0.0 0.0 0.0 0.0 0.0 0.28368794326241137 0.0 0.0 0.0 0.0 label:1
0.0 0.0 0.0 0.0 0.1258741258741259 0.14184397163120568 0.0 0.0 0.0 0.0 0.0 0.0 0.0 0.0 0.0 0.14184397163120568 0.0 0.0 0.0 0.0 0.0 0.0 0.0 0.0 0.0 0.0 0.0 0.0 0.0 0.0 0.14184397163120568 0.0 0.0 0.0 0.13380281690140844 0.0 0.0 0.0 0.0 0.0 0.14184397163120568 0.0 0.0 0.0 0.0 0.0 0.0 0.0 0.0 0.14184397163120568 label:1
0.0 0.0 0.0 0.0 0.0 0.0 0.0 0.15 0.0 0.0 0.0 0.0 0.0 0.0 0.0 0.0 0.15 0.0 0.13380281690140844 0.0 0.0 0.15827338129496402 0.0 0.0 0.0 0.0 0.14184397163120568 0.0 0.0 0.0 0.0 0.0 0.0 0.0 0.0 0.0 0.11535903531315797 0.0 0.0 0.0 0.0 0.0 0.0 0.0 0.0 0.0 0.14184397163120568 0.0 0.0 0.0 label:1
0.0 0.0 0.0 0.0 0.0 0.0 0.0 0.0 0.0 0.0 0.0 0.0 0.0 0.0 0.0 0.0 0.0 0.1249259936733502 0.0 0.0 0.14184397163120568 0.0 0.0 0.14184397163120568 0.0 0.0 0.0 0.0 0.0 0.13380281690140844 0.0 0.0 0.13380281690140844 0.0 0.13380281690140844 0.0 0.0 0.0 0.0 0.0 0.15 0.0 0.0 0.0 0.0 0.0 0.0 0.0 0.0 0.0 label:1
0.0 0.0 0.0 0.0 0.0 0.0 0.0 0.0 0.0 0.0 0.0 0.0 0.0 0.0 0.0 0.0 0.0 0.0 0.0 0.0 0.0 0.10186635927119264 0.0 0.0 0.0 0.0 0.14184397163120568 0.0 0.0 0.0 0.28368794326241137 0.0 0.0 0.0 0.0 0.0 0.14184397163120568 0.0 0.0 0.0 0.0 0.0 0.0 0.0 0.14184397163120568 0.14184397163120568 0.0 0.0 0.0 0.0 label:1
0.0 0.0 0.0 0.0 0.0 0.0 0.0 0.0 0.0 0.0 0.0 0.0 0.0 0.0 0.0 0.0 0.0 0.14184397163120568 0.0 0.0 0.0 0.0 0.0 0.0 0.0 0.28368794326241137 0.0 0.0 0.14184397163120568 0.14184397163120568 0.0 0.0 0.0 0.0 0.0 0.2206482865637582 0.0 0.0 0.0 0.0 0.0 0.0 0.0 0.0 0.0 0.0 0.0 0.0 0.0 0.0 label:1
0.0 0.07171211635099217 0.14184397163120568 0.0 0.0 0.15 0.0 0.0 0.09319148968237123 0.0 0.0 0.0 0.0 0.0 0.0 0.0 0.0 0.0 0.0 0.0 0.0 0.0 0.0 0.0 0.0 0.0 0.14184397163120568 0.0 0.0 0.13380281690140844 0.0 0.0 0.0 0.0 0.0 0.0 0.13380281690140844 0.0 0.0 0.0 0.0 0.0 0.0 0.0 0.0 0.0 0.0 0.13380281690140844 0.0 0.0 label:1
0.0 0.0 0.0 0.0 0.0 0.0 0.0 0.0 0.20680851031762876 0.0 0.0 0.0 0.0 0.0 0.0 0.14184397163120568 0.0 0.0 0.0 0.0 0.10005394098593728 0.0 0.13380281690140844 0.0 0.0 0.14184397163120568 0.0 0.13380281690140844 0.0 0.0 0.0 0.0 0.0 0.0 0.0 0.0 0.0 0.0 0.0 0.0 0.0 0.0 0.0 0.0 0.0 0.0 0.0 0.0 0.0 0.14184397163120568 label:1
0.0 0.0 0.0 0.0 0.14184397163120568 0.0 0.0 0.0 0.0 0.0 0.0 0.0 0.0 0.0 0.0 0.0 0.0 0.0 0.0 0.0 0.0 0.0 0.15 0.0 0.0 0.0 0.0 0.0 0.0 0.1258741258741259 0.0 0.0 0.0 0.0 0.13081492907386555 0.0 0.1258741258741259 0.0 0.0 0.0 0.0 0.0 0.0 0.0 0.13380281690140844 0.0 0.0 0.0 0.0 0.15 label:1
0.0 0.0 0.14184397163120568 0.0 0.0 0.15 0.0 0.0 0.0 0.0 0.0 0.0 0.0 0.0 0.0 0.0 0.0 0.0 0.0 0.0 0.0 0.1258741258741259 0.0 0.0 0.0 0.0 0.0 0.0 0.0 0.13380281690140844 0.0 0.0 0.13380281690140844 0.0 0.0 0.0 0.0 0.0 0.0 0.0 0.0 0.0 0.0 0.0 0.0 0.0 0.0 0.13380281690140844 0.14184397163120568 0.0 label:1
0.0 0.0 0.0 0.14184397163120568 0.0 0.0 0.0 0.0 0.0 0.0 0.0 0.0 0.0 0.24764635093071694 0.0 0.0 0.0 0.0 0.0 0.13380281690140844 0.14184397163120568 0.051174945643052056 0.0 0.0 0.0 0.0 0.0 0.0 0.0 0.0 0.0 0.0 0.0 0.0 0.0 0.0 0.0 0.0 0.0 0.0 0.0 0.0 0.0 0.0 0.14184397163120568 0.0 0.0 0.14184397163120568 0.0 0.0 label:1
0.0 0.0 0.0 0.0 0.0 0.15 0.0 0.0 0.0 0.0 0.0 0.0 0.0 0.0 0.20792252330762098 0.15 0.0 0.0 0.13380281690140844 0.0 0.0 0.09066902598815363 0.0 0.0 0.0 0.0 0.0 0.0 0.0 0.0 0.0 0.0 0.0 0.0 0.0 0.0 0.0 0.0 0.0 0.0 0.0 0.13380281690140844 0.0 0.0 0.0 0.0 0.0 0.13380281690140844 0.0 0.0 label:1
0.0 0.0 0.1258741258741259 0.0 0.0 0.0 0.0 0.0 0.0 0.15 0.0 0.0 0.0 0.0 0.092077476692379 0.14184397163120568 0.0 0.0 0.0 0.0 0.0 0.0 0.0 0.14184397163120568 0.0 0.0 0.0 0.0 0.0 0.0 0.0 0.0 0.0 0.13380281690140844 0.0 0.08075482036826692 0.0 0.0 0.0 0.13380281690140844 0.0 0.0 0.0 0.0 0.0 0.0 0.0 0.0 0.0 0.0 label:1
0.0 0.0 0.0 0.0 0.13380281690140844 0.0 0.0 0.0 0.14184397163120568 0.0 0.0 0.0 0.0 0.2695617161162776 0.0 0.0 0.0 0.0 0.0 0.0 0.0 0.0 0.0 0.0 0.0 0.0 0.0 0.0 0.0 0.0 0.0 0.0 0.0 0.0 0.0 0.0 0.14184397163120568 0.0 0.0 0.13380281690140844 0.0 0.0 0.0 0.0 0.0 0.0 0.14184397163120568 0.0 0.0 0.0 label:1
0.0 0.0 0.14184397163120568 0.0 0.0 0.0 0.14184397163120568 0.0 0.0 0.0 0.0 0.0 0.0 0.0 0.0 0.27564678853261415 0.0 0.0 0.0 0.0 0.0 0.0 0.0 0.0 0.0 0.0 0.0 0.0 0.0 0.13380281690140844 0.0 0.15 0.0 0.0 0.0 0.0 0.14184397163120568 0.0 0.0 0.0 0.0 0.0 0.0 0.0 0.0 0.0 0.0 0.0 0.0 0.0 label:1
0.0 0.0 0.0 0.0 0.0 0.0 0.0 0.0 0.0 0.15 0.0 0.0 0.0 0.0 0.0 0.0 0.0 0.0 0.0 0.0 0.0 0.0 0.0 0.0 0.0 0.0 0.14184397163120568 0.0 0.11805555555555555 0.14184397163120568 0.0 0.0 0.0 0.0 0.14095171910497897 0.0 0.0 0.0 0.1258741258741259 0.0 0.0 0.0 0.0 0.0 0.0 0.0 0.15 0.0 0.0 0.0 label:1
0.0 0.0 0.0 0.0 0.0 0.0 0.0 0.0 0.0 0.0 0.0 0.0 0.0 0.14184397163120568 0.0 0.0 0.0 0.0 0.0 0.1104133154282774 0.0 0.0 0.0 0.0 0.0 0.0 0.0 0.0 0.14184397163120568 0.0 0.0 0.0 0.0 0.0 0.17221079804689993 0.0 0.0 0.0 0.0 0.0 0.0 0.0 0.15 0.0 0.14184397163120568 0.14184397163120568 0.0 0.0 0.0 0.0 label:1
0.0 0.14184397163120568 0.0 0.0 0.0 0.0 0.14184397163120568 0.0 0.0 0.0 0.0 0.14184397163120568 0.0 0.0 0.0 0.0 0.0 0.0 0.0 0.0 0.0 0.0 0.0 0.0 0.0 0.0 0.0 0.0 0.0 0.0 0.13380281690140844 0.0 0.0 0.0 0.0 0.0 0.0 0.0 0.14184397163120568 0.0 0.0 0.0 0.0 0.0 0.0 0.14184397163120568 0.0 0.0 0.0 0.0 label:1
0.0 0.0 0.0 0.0 0.0 0.0 0.0 0.0 0.0 0.0 0.0 0.0 0.0 0.0 0.07233279141727694 0.0 0.0 0.0 0.0 0.0 0.0 0.0 0.0 0.0 0.0 0.14184397163120568 0.0 0.0 0.0 0.0 0.0 0.0 0.0 0.0 0.13380281690140844 0.0 0.0 0.0 0.0 0.0 0.0 0.0 0.0 0.0 0.0 0.43368794326241134 0.0 0.0 0.14184397163120568 0.0 label:1
0.0 0.0 0.0 0.0 0.0 0.0 0.0 0.0 0.0 0.0 0.0 0.0 0.0 0.0 0.0 0.0 0.28368794326241137 0.13380281690140844 0.0 0.0 0.0 0.0 0.0 0.0 0.0 0.0 0.0 0.14184397163120568 0.0 0.0 0.0 0.0 0.0 0.0 0.0 0.0 0.0 0.0 0.09943567585613489 0.1258741258741259 0.0 0.0 0.14184397163120568 0.0 0.0 0.0 0.07351149484350814 0.0 0.0 0.0 label:1
0.0 0.0 0.14184397163120568 0.0 0.0 0.0 0.0 0.0 0.14184397163120568 0.0 0.0 0.0 0.0 0.0 0.0 0.0 0.0 0.0 0.0 0.1258741258741259 0.13380281690140844 0.0 0.0 0.0 0.0 0.0 0.0 0.0 0.0 0.0 0.0 0.0 0.0 0.0 0.13380281690140844 0.0 0.0 0.0 0.0 0.14184397163120568 0.0 0.0 0.0 0.1466211843841667 0.0 0.0 0.0 0.0 0.0 0.0 label:1
0.0 0.0 0.0 0.0 0.0 0.0 0.0 0.0 0.0 0.0 0.0 0.0 0.0 0.0 0.0 0.14184397163120568 0.0 0.14184397163120568 0.0 0.0 0.0 0.1291279449331744 0.0 0.0 0.0 0.15827338129496402 0.0 0.0 0.14184397163120568 0.0 0.14184397163120568 0.14184397163120568 0.0 0.0 0.0 0.0 0.0 0.0 0.0 0.0 0.0 0.0 0.0 0.0 0.0 0.0 0.0 0.0 0.0 0.0 label:1
0.0 0.0 0.0 0.11990808677714607 0.0 0.0 0.0 0.0 0.0 0.14184397163120568 0.0 0.0 0.0 0.0 0.0 0.0 0.0 0.0 0.0 0.0 0.0 0.0 0.0 0.0 0.0 0.15 0.0 0.0 0.0 0.14184397163120568 0.0 0.0 0.0 0.2918439716312057 0.0 0.0 0.0 0.0 0.0 0.14184397163120568 0.0 0.0 0.0 0.0 0.0 0.0 0.0 0.0 0.0 0.0 label:1
0.0 0.0 0.0 0.0 0.0 0.0 0.15 0.0 0.0 0.0 0.0 0.0 0.0 0.0 0.0 0.0 0.0 0.0 0.11861450971191773 0.0 0.0 0.0 0.0 0.0 0.0 0.15 0.0 0.0 0.0 0.0 0.0 0.0 0.0 0.0 0.0 0.0 0.0 0.0 0.0 0.0 0.0 0.0 0.27564678853261415 0.13380281690140844 0.0 0.0 0.0 0.0 0.15 0.0 label:1
0.0 0.0 0.0 0.0 0.0 0.0 0.0 0.0 0.15 0.0 0.0 0.0 0.0 0.0 0.0 0.0 0.0 0.0 0.0 0.0 0.0 0.0 0.0 0.0 0.0 0.0 0.0 0.0 0.0 0.0 0.1254769610154838 0.0 0.0 0.13380281690140844 0.15 0.0 0.0 0.0 0.0 0.0 0.0 0.0 0.14184397163120568 0.0 0.0 0.0 0.0 0.0 0.0 0.27564678853261415 label:1
0.0 0.0 0.0 0.0 0.0 0.2677180975053316 0.0 0.0 0.0 0.0 0.0 0.0 0.0 0.0 0.0 0.0 0.0 0.0 0.0 0.0 0.0 0.0 0.0 0.14184397163120568 0.0 0.0 0.28368794326241137 0.0 0.15 0.0 0.0 0.0 0.0 0.0 0.0 0.0 0.0 0.0 0.0 0.0 0.0 0.0 0.0 0.0 0.13380281690140844 0.0 0.0 0.0 0.0 0.0 label:1
0.14184397163120568 0.0 0.0 0.15 0.0 0.0 0.0 0.0 0.0 0.0 0.0 0.0 0.0 0.0 0.28250923983618015 0.0 0.2918439716312057 0.0 0.0 0.0 0.0 0.0 0.0 0.0 0.0 0.0 0.0 0.0 0.0 0.0 0.0 0.13380281690140844 0.0 0.0 0.0 0.0 0.0 0.0 0.0 0.0 0.0 0.0 0.0 0.0 0.0 0.0 0.0 0.0 0.0 0.0 label:1
0.0 0.0 0.0 0.0 0.0 0.0 0.0 0.12929262493122454 0.15827338129496402 0.0 0.0 0.0 0.0 0.0 0.12047266921643604 0.15827338129496402 0.0 0.0 0.0 0.0 0.0 0.0 0.0 0.0 0.0 0.0 0.15 0.0 0.0 0.0 0.0 0.0 0.0 0.0 0.0 0.0 0.0 0.0 0.14184397163120568 0.0 0.0 0.0 0.0 0.0 0.14184397163120568 0.0 0.0 0.0 0.0 0.0 label:1
0.0 0.0 0.0 0.0 0.0 0.0 0.0 0.17070737506877545 0.0 0.0 0.0 0.0 0.0 0.0 0.14184397163120568 0.0 0.15827338129496402 0.0 0.0 0.0 0.0 0.0 0.0 0.0 0.0 0.0 0.0 0.0 0.0 0.0 0.0 0.0 0.11168451184123515 0.0 0.0 0.0 0.14184397163120568 0.0 0.0 0.0 0.0 0.0 0.0 0.0 0.0 0.0 0.14184397163120568 0.0 0.0 0.13380281690140844 label:1
0.0 0.15 0.0 0.0 0.0 0.15 0.0 0.0 0.0 0.0 0.0 0.0 0.0 0.0 0.0 0.26831962580328944 0.0 0.0 0.0 0.0 0.0 0.0 0.0 0.0 0.0 0.0 0.0 0.0 0.14184397163120568 0.0 0.0 0.0 0.0 0.0 0.13380281690140844 0.0 0.0 0.0 0.0 0.0 0.0 0.0 0.0 0.0 0.1258741258741259 0.0 0.0 0.0 0.0 0.0 label:1
0.0 0.25059663907430296 0.0 0.0 0.0 0.0 0.0 0.15827338129496402 0.0 0.0 0.0 0.0 0.0 0.0 0.0 0.0 0.0 0.0 0.13380281690140844 0.0 0.0 0.0 0.0 0.0 0.0 0.0 0.0 0.0 0.0 0.0 0.0 0.0 0.0 0.0 0.14184397163120568 0.15 0.13380281690140844 0.0 0.0 0.0 0.0 0.0 0.0 0.0 0.0 0.0 0.0 0.0 0.0 0.0 label:1
0.0 0.0 0.0 0.0 0.0 0.0 0.0 0.0 0.2394963673588017 0.0 0.0 0.0 0.0 0.0 0.0 0.0 0.0 0.0 0.0 0.0 0.0 0.0 0.0 0.15827338129496402 0.0 0.14184397163120568 0.0 0.0 0.0 0.0 0.0 0.0 0.0 0.0 0.0 0.13380281690140844 0.0 0.0 0.0 0.0 0.10129357706522821 0.14184397163120568 0.0 0.0 0.0 0.0 0.0 0.0 0.0 0.0 label:1
0.15 0.0 0.0 0.0 0.0 0.0 0.14184397163120568 0.0 0.16666666666666666 0.0 0.0 0.0 0.0 0.0 0.14184397163120568 0.0 0.0 0.0 0.0 0.0 0.0 0.0 0.0 0.0 0.0 0.0 0.0 0.0 0.0 0.14184397163120568 0.0 0.0 0.0 0.0 0.0 0.0 0.0 0.0 0.0 0.0 0.0 0.0 0.0 0.0 0.0 0.0 0.0 0.0 0.0 0.2578014184397164 label:1
0.0 0.0 0.14184397163120568 0.0 0.0 0.0 0.0 0.0 0.0 0.0 0.0 0.0 0.0 0.0 0.0 0.0 0.15827338129496402 0.13380281690140844 0.0 0.0 0.0 0.15 0.0 0.0 0.0 0.0 0.13380281690140844 0.0 0.0 0.0 0.0 0.0 0.11290813240286476 0.0 0.0 0.0 0.14184397163120568 0.0 0.0 0.0 0.0 0.0 0.0 0.0 0.0 0.0 0.0 0.0 0.0 0.0 label:1
0.0 0.0 0.0 0.0 0.14184397163120568 0.0 0.13380281690140844 0.0 0.0 0.0 0.0 0.0 0.0 0.0 0.0 0.0 0.0 0.14184397163120568 0.0 0.0 0.0 0.0 0.0 0.0 0.0 0.0 0.0 0.0 0.0 0.0 0.0 0.0 0.0 0.0 0.0 0.0 0.0 0.0 0.0 0.0 0.0 0.0 0.0 0.0 0.0 0.3004694835680751 0.0 0.0 0.0 0.15 label:1
0.0 0.0 0.14184397163120568 0.0 0.0 0.0 0.0 0.0 0.0 0.0 0.0 0.0 0.0 0.0 0.0 0.0 0.0 0.14184397163120568 0.14184397163120568 0.14184397163120568 0.0 0.11438684312405559 0.0 0.0 0.0 0.0 0.0 0.0 0.0 0.0 0.0 0.0 0.0 0.0 0.0 0.0 0.0 0.0 0.14184397163120568 0.0 0.0 0.0 0.0 0.0 0.0 0.0 0.13380281690140844 0.0 0.0 0.0 label:1
0.2410974614439037 0.0 0.14184397163120568 0.0 0.0 0.0 0.0 0.0 0.0 0.0 0.0 0.3001173529261697 0.0 0.0 0.0 0.0 0.0 0.0 0.0 0.0 0.0 0.0 0.0 0.0 0.0 0.14184397163120568 0.0 0.0 0.0 0.0 0.0 0.0 0.0 0.0 0.0 0.0 0.0 0.0 0.0 0.0 0.0 0.14184397163120568 0.0 0.0 0.0 0.0 0.0 0.0 0.0 0.0 label:1
0.0 0.0 0.15 0.0 0.15 0.0 0.0 0.0 0.0 0.0 0.0 0.0 0.0 0.0 0.0 0.0 0.0 0.0 0.14184397163120568 0.14184397163120568 0.0 0.0 0.0 0.0 0.0 0.09999999999999998 0.0 0.0 0.0 0.0 0.0 0.258590700894896 0.0 0.0 0.0 0.0 0.0 0.0 0.0 0.0 0.0 0.0 0.0 0.0 0.0 0.0 0.0 0.0 0.0 0.0 label:1
0.0760814610587158 0.0 0.0 0.0 0.0 0.0 0.0 0.0 0.0 0.0 0.0 0.14184397163120568 0.0 0.0 0.0 0.0 0.0 0.0 0.0 0.0 0.0 0.0 0.0 0.0 0.0 0.0 0.0 0.0 0.15 0.0 0.0 0.0 0.0 0.0 0.0 0.0 0.0 0.0 0.0 0.0 0.0 0.0 0.15 0.0 0.0 0.0 0.2838028169014084 0.14184397163120568 0.0 0.0 label:1
0.14184397163120568 0.15 0.0 0.0 0.0 0.0 0.0 0.0 0.0 0.0 0.0 0.0 0.0 0.0 0.0 0.15 0.0 0.0 0.0 0.0 0.0 0.0 0.0 0.0 0.0 0.0 0.0 0.14184397163120568 0.0 0.0 0.0 0.0 0.0 0.0 0.0 0.0 0.0 0.0 0.0 0.0 0.0 0.0 0.15 0.0 0.0 0.08541619285374125 0.0 0.14184397163120568 0.0 0.0 label:1
0.0 0.0 0.0 0.0 0.0 0.0 0.0 0.0 0.0 0.0 0.15827338129496402 0.0 0.0 0.0 0.0 0.0 0.0 0.0 0.2446360510097696 0.0 0.13380281690140844 0.0 0.0 0.0 0.0 0.0 0.0 0.0 0.0 0.0 0.0 0.0 0.0 0.0 0.0 0.0 0.0 0.0 0.0 0.0 0.0 0.2918439716312057 0.0 0.0 0.0 0.0 0.0 0.13380281690140844 0.0 0.0 label:1
0.13380281690140844 0.0 0.0 0.0 0.15 0.0 0.0 0.0 0.0 0.0 0.0 0.0 0.0 0.0 0.0 0.0 0.0 0.0 0.0 0.0 0.0 0.28368794326241137 0.0 0.0 0.0 0.0 0.0 0.15 0.0 0.0 0.0 0.0 0.0 0.0 0.0 0.0 0.0 0.0 0.14184397163120568 0.0 0.0 0.0 0.0 0.0 0.0 0.0 0.0 0.0 0.0 0.0 label:1
0.0 0.15 0.0 0.0 0.14184397163120568 0.0 0.0 0.15827338129496402 0.0 0.0 0.0 0.0 0.0 0.10549658643519003 0.0 0.0 0.14184397163120568 0.0 0.0 0.0 0.0 0.0 0.0 0.0 0.0 0.0 0.0 0.0 0.0 0.0 0.0 0.0 0.0 0.0 0.0 0.0 0.15 0.0 0.0 0.0 0.0 0.0 0.0 0.0 0.0 0.15 0.0 0.0 0.0 0.0 label:1
0.0 0.0 0.0 0.0 0.0 0.0 0.0 0.0 0.0 0.27564678853261415 0.0 0.0 0.0 0.0 0.0 0.0 0.0 0.0 0.0 0.0 0.0 0.0 0.0 0.0 0.0 0.2 0.0 0.0 0.0 0.0 0.15 0.0 0.0 0.0 0.0 0.0 0.0 0.0 0.0 0.14184397163120568 0.03250923983618023 0.0 0.0 0.0 0.2 0.0 0.0 0.0 0.0 0.0 label:1
0.0 0.15827338129496402 0.0 0.0 0.0 0.0 0.0 0.0 0.0 0.0 0.0 0.11850456625368674 0.0 0.0 0.0 0.0 0.0 0.0 0.14184397163120568 0.0 0.0 0.0 0.0 0.0 0.0 0.0 0.0 0.0 0.13380281690140844 0.0 0.0 0.14745791099256536 0.0 0.0 0.15827338129496402 0.0 0.0 0.0 0.0 0.0 0.0 0.0 0.0 0.0 0.14184397163120568 0.0 0.0 0.0 0.0 0.0 label:1
0.0 0.0 0.0 0.0 0.0 0.0 0.0 0.0 0.0 0.0 0.0 0.0 0.0 0.0 0.0 0.0 0.0 0.0 0.0 0.0 0.0 0.0 0.0 0.0 0.0 0.0 0.13380281690140844 0.0 0.0 0.24285777772107253 0.0 0.0 0.0 0.0 0.0 0.0 0.0 0.0 0.14184397163120568 0.0 0.0 0.0 0.0 0.0 0.0 0.0 0.0 0.0 0.3 0.15 label:1
0.0 0.0 0.0 0.0 0.0 0.0 0.0 0.0 0.0 0.0 0.0 0.0 0.0 0.0 0.0 0.0 0.15 0.0 0.0 0.0 0.0 0.14184397163120568 0.24179394793383854 0.0 0.0 0.14184397163120568 0.0 0.0 0.0 0.0 0.0 0.0 0.0 0.0 0.0 0.0 0.0 0.0 0.14184397163120568 0.14184397163120568 0.0 0.0 0.0 0.0 0.0 0.0 0.0 0.0 0.0 0.0 label:1
0.0 0.15 0.0 0.0 0.14184397163120568 0.0 0.0 0.0 0.0 0.10669996390368433 0.0 0.0 0.0 0.0 0.0 0.0 0.0 0.0 0.0 0.0 0.15 0.0 0.0 0.0 0.0 0.0 0.0 0.0 0.0 0.14184397163120568 0.0 0.0 0.0 0.0 0.0 0.0 0.0 0.0 0.0 0.14184397163120568 0.0 0.0 0.0 0.0 0.0 0.0 0.0 0.14184397163120568 0.0 0.0 label:1
0.0 0.0 0.0 0.08932407737886161 0.0 0.0 0.0 0.0 0.0 0.0 0.0 0.2918439716312057 0.0 0.0 0.0 0.0 0.0 0.15 0.0 0.0 0.0 0.0 0.0 0.0 0.0 0.0 0.0 0.14184397163120568 0.15 0.0 0.0 0.0 0.0 0.0 0.0 0.0 0.14184397163120568 0.0 0.0 0.0 0.0 0.0 0.0 0.0 0.0 0.0 0.0 0.0 0.0 0.0 label:1
0.15 0.0 0.0 0.0 0.0 0.0 0.0 0.0 0.308273381294964 0.0 0.0 0.0 0.0 0.0 0.14184397163120568 0.0 0.0 0.0 0.15 0.0 0.0 0.0 0.0 0.0 0.0 0.0 0.0 0.0 0.0 0.0 0.0 0.0 0.0 0.0 0.0 0.0 0.0 0.0 0.0 0.0 0.0 0.0 0.15 0.0 0.0 0.0 0.0 0.0 0.0 0.0 label:1
0.0 0.0 0.0 0.0 0.0 0.0 0.0 0.0 0.3 0.0 0.0 0.0 0.0 0.0 0.0 0.0 0.0 0.0 0.0 0.15 0.0 0.0 0.0 0.09459609244871653 0.0 0.0 0.0 0.0 0.0 0.0 0.0 0.0 0.0 0.0 0.0 0.0 0.14184397163120568 0.0 0.0 0.0 0.0 0.0 0.0 0.0 0.0 0.0 0.0 0.15 0.15 0.0 label:1
0.14184397163120568 0.1447134453748862 0.0 0.0 0.0 0.0 0.0 0.0 0.0 0.0 0.0 0.0 0.0 0.13380281690140844 0.0 0.0 0.0 0.0 0.0 0.0 0.0 0.15 0.0 0.0 0.0 0.0 0.0 0.0 0.0 0.0 0.0 0.0 0.0 0.13380281690140844 0.0 0.0 0.0 0.0 0.13380281690140844 0.0 0.0 0.14184397163120568 0.0 0.0 0.0 0.0 0.0 0.0 0.0 0.0 label:1
0.0 0.0 0.15 0.0 0.0 0.0 0.0 0.0 0.0 0.0 0.0 0.0 0.0 0.0 0.0 0.0 0.0 0.12097110531924771 0.2636126562429312 0.0 0.0 0.0 0.0 0.15 0.0 0.0 0.0 0.0 0.0 0.0 0.0 0.0 0.0 0.0 0.0 0.0 0.15 0.0 0.0 0.0 0.0 0.0 0.0 0.0 0.0 0.0 0.0 0.0 0.0 0.15 label:1
0.0 0.0 0.0 0.0 0.0 0.0 0.0 0.0 0.0 0.0 0.15 0.0 0.0 0.0 0.0 0.0 0.0 0.0 0.0 0.0 0.14285714285714285 0.0 0.0 0.0 0.0 0.10246717392949062 0.0 0.0 0.0 0.0 0.14184397163120568 0.0 0.0 0.0 0.0 0.0 0.0 0.0 0.0 0.0 0.0 0.0 0.0 0.0 0.0 0.15 0.0 0.13380281690140844 0.0 0.15 label:1
0.15 0.0 0.24313244213446522 0.0 0.0 0.0 0.0 0.0 0.0 0.0 0.0 0.14184397163120568 0.0 0.0 0.0 0.0 0.0 0.0 0.0 0.14184397163120568 0.14184397163120568 0.15 0.0 0.0 0.0 0.0 0.0 0.0 0.0 0.0 0.0 0.0 0.0 0.0 0.0 0.0 0.0 0.0 0.0 0.0 0.0 0.0 0.0 0.0 0.0 0.0 0.0 0.0 0.0 0.0 label:1
0.0 0.0 0.0 0.0 0.0 0.0 0.0 0.0 0.0 0.0 0.0 0.0 0.0 0.0 0.0 0.0 0.0 0.0 0.0 0.0 0.0 0.0 0.0 0.0 0.0 0.14184397163120568 0.0 0.0 0.0 0.0 0.15 0.14184397163120568 0.0 0.0 0.0 0.0 0.0 0.0 0.0 0.0 0.0 0.0 0.0 0.0 0.07563920268347277 0.15827338129496402 0.2918439716312057 0.0 0.0 0.0 label:1
0.0 0.0 0.14184397163120568 0.0 0.0 0.0 0.0 0.0 0.0 0.0 0.0 0.21607713354693542 0.0 0.0 0.0 0.0 0.0 0.0 0.0 0.0 0.0 0.0 0.0 0.0 0.0 0.15 0.0 0.0 0.0 0.0 0.15 0.0 0.0 0.0 0.15 0.0 0.0 0.0 0.0 0.0 0.0 0.0 0.0 0.1258741258741259 0.06620476894773292 0.0 0.0 0.0 0.0 0.0 label:1
0.0 0.0 0.19858637338311563 0.0 0.0 0.14184397163120568 0.0 0.0 0.0 0.0 0.0 0.08392286645306457 0.0 0.0 0.0 0.0 0.0 0.0 0.0 0.0 0.0 0.0 0.0 0.0 0.0 0.0 0.0 0.0 0.15 0.0 0.14184397163120568 0.0 0.0 0.0 0.15 0.0 0.0 0.0 0.0 0.0 0.0 0.0 0.0 0.0 0.0 0.13380281690140844 0.0 0.0 0.0 0.0 label:1
0.0 0.0 0.09325759824809005 0.0 0.0 0.0 0.0 0.0 0.0 0.0 0.0 0.0 0.0 0.0 0.0 0.0 0.0 0.0 0.0 0.0 0.0 0.14184397163120568 0.0 0.0 0.0 0.15 0.0 0.0 0.0 0.15 0.03925164158809008 0.0 0.0 0.0 0.0 0.0 0.0 0.0 0.0 0.0 0.0 0.0 0.0 0.13380281690140844 0.14184397163120568 0.0 0.0 0.15 0.0 0.0 label:1
0.0 0.0 0.14184397163120568 0.0 0.0 0.0 0.0 0.0 0.0 0.0 0.0 0.14184397163120568 0.0 0.0 0.0 0.0 0.0 0.0 0.0 0.27564678853261415 0.0 0.0 0.0 0.15827338129496402 0.0 0.0 0.0 0.0 0.0 0.14184397163120568 0.1025923300431156 0.0 0.0 0.0 0.0 0.0 0.0 0.0 0.0 0.0 0.0 0.0 0.0 0.0 0.0 0.0 0.0 0.0 0.0 0.0 label:1
0.0 0.0 0.0 0.0 0.0 0.0 0.0 0.0 0.10388838639551648 0.0 0.0 0.0 0.0 0.0 0.15 0.0 0.0 0.0 0.0 0.0 0.0 0.0 0.0 0.15 0.0 0.0 0.0 0.0 0.0 0.0 0.0 0.0 0.0 0.0 0.15 0.0 0.13380281690140844 0.0 0.0 0.0 0.0 0.15 0.15 0.0 0.0 0.0 0.0 0.0 0.0 0.0 label:1
0.0 0.0 0.0 0.0 0.0 0.0 0.0 0.0 0.0 0.0 0.0 0.0 0.0 0.0 0.15 0.15827338129496402 0.0 0.0 0.0 0.0 0.1258741258741259 0.0 0.0 0.0 0.0 0.2740085211997043 0.0 0.0 0.0 0.0 0.0 0.0 0.0 0.0 0.0 0.0 0.0 0.0 0.14184397163120568 0.0 0.0 0.0 0.0 0.0 0.0 0.15 0.0 0.0 0.0 0.0 label:1
0.0 0.0 0.15 0.13380281690140844 0.0 0.0 0.0 0.0 0.14294754264117876 0.0 0.0 0.13380281690140844 0.0 0.0 0.0 0.0 0.0 0.0 0.0 0.0 0.0 0.0 0.0 0.0 0.0 0.0 0.0 0.13380281690140844 0.15 0.14184397163120568 0.0 0.0 0.0 0.0 0.0 0.0 0.0 0.0 0.0 0.0 0.0 0.0 0.0 0.0 0.0 0.0 0.0 0.0 0.0 0.0 label:1
0.0 0.0 0.0 0.0 0.0 0.0 0.0 0.0 0.14889642899002692 0.0 0.0 0.15 0.0 0.0 0.0 0.0 0.15 0.13380281690140844 0.14184397163120568 0.0 0.0 0.0 0.0 0.0 0.0 0.0 0.0 0.0 0.0 0.0 0.0 0.1336128108461533 0.0 0.0 0.0 0.0 0.0 0.0 0.0 0.0 0.0 0.0 0.0 0.0 0.14184397163120568 0.0 0.0 0.0 0.0 0.0 label:1
0.15 0.0 0.0 0.0 0.0 0.0 0.0 0.0 0.0 0.0 0.0 0.0 0.0 0.0 0.0 0.0 0.0 0.14184397163120568 0.0 0.25808089595253636 0.0 0.0 0.0 0.0 0.0 0.0 0.0 0.0 0.0 0.0 0.0 0.15823116078505237 0.0 0.0 0.0 0.0 0.0 0.0 0.0 0.0 0.0 0.2918439716312057 0.0 0.0 0.0 0.0 0.0 0.0 0.0 0.0 label:1
0.0 0.0 0.0 0.0 0.0 0.0 0.0 0.0 0.15 0.0 0.0 0.0 0.0 0.0 0.0 0.0 0.0 0.0 0.0 0.0 0.0 0.0 0.0 0.0 0.0 0.15 0.0 0.0 0.0 0.0 0.14184397163120568 0.0 0.0 0.0 0.0 0.0 0.21600221846899129 0.0 0.0 0.0 0.0 0.0 0.0 0.0 0.0 0.15827338129496402 0.0 0.0 0.0 0.15827338129496402 label:1
0.0 0.0 0.0 0.0 0.0 0.0 0.0 0.0 0.0 0.15 0.0 0.0 0.0 0.0 0.0 0.0 0.0 0.0 0.0 0.0 0.0 0.0 0.0 0.15827338129496402 0.0 0.0 0.0 0.0 0.0 0.0 0.0 0.2838028169014084 0.0 0.0 0.0 0.14184397163120568 0.06780059843241715 0.0 0.0 0.0 0.0 0.0 0.0 0.0 0.0 0.0 0.15 0.0 0.0 0.0 label:1
0.0 0.0 0.0 0.0 0.0 0.0 0.0 0.0 0.0 0.0 0.0 0.0 0.0 0.0 0.0 0.0 0.0 0.0 0.0 0.0 0.0 0.0 0.0 0.0 0.0 0.10172076825999524 0.0 0.0 0.0 0.0 0.0 0.0 0.0 0.15827338129496402 0.15 0.0 0.0 0.0 0.15 0.0 0.0 0.0 0.0 0.0 0.13380281690140844 0.0 0.0 0.14184397163120568 0.0 0.16435906191242658 label:1
0.0 0.14184397163120568 0.0 0.0 0.0 0.0 0.0 0.0 0.0 0.0 0.0 0.13032153915867875 0.0 0.0 0.0 0.0 0.0 0.0 0.0 0.0 0.0 0.0 0.0 0.0 0.0 0.0 0.15827338129496402 0.0 0.0 0.13380281690140844 0.14184397163120568 0.0 0.0 0.0 0.0 0.0 0.0 0.0 0.0 0.0 0.0 0.0 0.0 0.0 0.0 0.0 0.15827338129496402 0.0 0.0 0.1356409380875734 label:1
0.0 0.0 0.0 0.0 0.0 0.0 0.15 0.0 0.0 0.0 0.0 0.0 0.0 0.0 0.0 0.0 0.0 0.14184397163120568 0.09628401640493092 0.0 0.0 0.0 0.0 0.0 0.0 0.0 0.0 0.0 0.15827338129496402 0.0 0.0 0.0 0.13380281690140844 0.0 0.0 0.0 0.0 0.0 0.0 0.0 0.0 0.0 0.0 0.0 0.0 0.0 0.14184397163120568 0.0 0.15827338129496402 0.0 label:1
0.0 0.0 0.0 0.0 0.15 0.0 0.0 0.0 0.0 0.15827338129496402 0.0 0.0 0.0 0.0 0.0 0.0 0.0 0.0 0.061989364890033094 0.0 0.0 0.15 0.0 0.15 0.0 0.0 0.0 0.0 0.15 0.0 0.0 0.0 0.0 0.0 0.0 0.0 0.0 0.0 0.0 0.0 0.0 0.14184397163120568 0.0 0.0 0.0 0.0 0.0 0.0 0.0 0.0 label:1
0.0 0.15827338129496402 0.0 0.0 0.0 0.0 0.0 0.0 0.0 0.0 0.0 0.15 0.0 0.10395068944740851 0.0 0.0 0.0 0.0 0.0 0.0 0.0 0.0 0.0 0.14184397163120568 0.0 0.0 0.0 0.0 0.0 0.0 0.0 0.15 0.14184397163120568 0.0 0.0 0.0 0.0 0.0 0.0 0.0 0.0 0.0 0.15 0.0 0.0 0.0 0.0 0.0 0.0 0.0 label:1
0.0 0.0 0.14591201400478396 0.0 0.13380281690140844 0.0 0.0 0.0 0.0 0.0 0.0 0.0 0.0 0.15827338129496402 0.0 0.0 0.0 0.0 0.0 0.0 0.0 0.0 0.0 0.0 0.0 0.15 0.15 0.0 0.0 0.0 0.0 0.0 0.0 0.0 0.0 0.0 0.0 0.0 0.0 0.0 0.0 0.0 0.0 0.0 0.14184397163120568 0.12016781616763783 0.0 0.0 0.0 0.0 label:1
0.0 0.0 0.15 0.0 0.0 0.0 0.0 0.0 0.0 0.0 0.15 0.0 0.0 0.0 0.0 0.0 0.0 0.0 0.0 0.0 0.0 0.13380281690140844 0.0 0.0 0.1258741258741259 0.0 0.1258741258741259 0.0 0.0 0.0 0.0 0.0 0.0 0.0 0.0 0.0 0.0 0.0 0.0 0.0 0.0 0.0 0.0 0.0 0.1263433662230135 0.0 0.0 0.0 0.0 0.15 label:1
0.0 0.0 0.0 0.15 0.0 0.0 0.15827338129496402 0.0 0.0 0.0 0.0 0.0 0.0 0.0 0.0 0.0 0.0 0.0 0.14184397163120568 0.0 0.0 0.0 0.0 0.0 0.0 0.0 0.10057922476422962 0.0 0.0 0.0 0.15 0.0 0.0 0.0 0.0 0.0 0.0 0.0 0.0 0.13380281690140844 0.0 0.0 0.0 0.0 0.16550060540819217 0.0 0.0 0.0 0.0 0.0 label:1
0.0 0.15 0.0 0.0 0.0 0.0 0.0 0.0 0.0 0.0 0.0 0.0 0.0 0.0 0.0 0.0 0.0 0.0 0.14184397163120568 0.0 0.0 0.15 0.0 0.0 0.0 0.0 0.2076941565307344 0.0 0.0 0.0 0.0 0.0 0.1258741258741259 0.0 0.0 0.0 0.0 0.0 0.0 0.0 0.0 0.0 0.15 0.0 0.0 0.0 0.0 0.0 0.0 0.0 label:1
0.0 0.0 0.2918439716312057 0.0 0.0 0.0 0.0 0.0 0.0 0.0 0.15 0.0 0.0 0.0 0.0 0.0 0.0 0.0 0.0 0.0 0.0 0.0 0.0 0.0 0.0 0.0 0.15827338129496402 0.0 0.0 0.0 0.0 0.0 0.0 0.0 0.0 0.0 0.0 0.0 0.0 0.0 0.0 0.0 0.0 0.0 0.0 0.15 0.0 0.0 0.0 0.15 label:1
0.0 0.0 0.0 0.0 0.0 0.0 0.2918439716312057 0.0 0.0 0.0 0.0 0.0 0.15827338129496402 0.0 0.15 0.0 0.0 0.0 0.0 0.0 0.0 0.0 0.0 0.0 0.0 0.0 0.0 0.0 0.0 0.0 0.0 0.0 0.12435304011159451 0.0 0.12552960696223583 0.0 0.0 0.0 0.15 0.0 0.0 0.0 0.0 0.0 0.0 0.0 0.0 0.0 0.0 0.0 label:1
0.0 0.0 0.0 0.15 0.15 0.0 0.0 0.0 0.0 0.15 0.0 0.0 0.0 0.0 0.0 0.0 0.15 0.0 0.0 0.0 0.0 0.0 0.0 0.15 0.0 0.0 0.0 0.0 0.0 0.0 0.0 0.0 0.0 0.0 0.0 0.0 0.24055022321018601 0.0 0.0 0.0 0.0 0.0 0.0 0.0 0.0 0.0 0.0 0.0 0.0 0.0 label:1
0.0 0.0 0.0 0.0 0.0 0.0 0.0 0.0 0.0 0.0 0.0 0.15 0.0 0.0 0.0 0.0 0.15827338129496402 0.0 0.0 0.0 0.0 0.0 0.0 0.14184397163120568 0.0 0.0 0.0 0.0 0.15827338129496402 0.0 0.0 0.15827338129496402 0.0 0.0 0.0 0.0 0.0 0.0 0.0 0.0 0.0 0.0 0.0 0.0 0.0 0.0 0.0 0.0 0.15 0.0 label:1
0.0 0.15827338129496402 0.0 0.0 0.0 0.0 0.0 0.0 0.0 0.0 0.0 0.0 0.0 0.0 0.0 0.0 0.0 0.0 0.0 0.10176068083852594 0.0 0.15 0.0 0.0 0.0 0.0 0.0 0.0 0.0 0.0 0.0 0.0 0.14184397163120568 0.0 0.13380281690140844 0.0 0.0 0.0 0.0 0.0 0.0 0.0 0.0 0.0 0.0 0.0 0.0 0.15 0.14184397163120568 0.0 label:1
0.0 0.14184397163120568 0.0 0.0 0.0 0.0 0.0 0.0 0.0 0.0 0.0 0.0 0.0 0.0 0.15827338129496402 0.0 0.0 0.0 0.0 0.0 0.0 0.15827338129496402 0.0 0.0 0.0 0.0 0.0 0.0 0.0 0.0 0.1357982035922736 0.0 0.0 0.0 0.0 0.0 0.0 0.0 0.0 0.0 0.0 0.0 0.15 0.0 0.0 0.0 0.0 0.0 0.15 0.10581106218659259 label:1
0.0 0.0 0.0 0.0 0.0 0.0 0.0 0.0 0.0 0.0 0.15827338129496402 0.15 0.0 0.0 0.0 0.0 0.0 0.0 0.0 0.0 0.0 0.0 0.0 0.0 0.0 0.0 0.0 0.0 0.0 0.0 0.13380281690140844 0.15 0.0 0.0 0.0 0.0 0.0 0.0 0.0 0.1258741258741259 0.0 0.14184397163120568 0.10417279485368292 0.0 0.0 0.0 0.0 0.0 0.0 0.0 label:1
0.0 0.15 0.0 0.15827338129496402 0.0 0.0 0.0 0.0 0.0 0.0 0.0 0.15827338129496402 0.0 0.0 0.0 0.0 0.0 0.13380281690140844 0.15 0.0 0.0 0.0 0.0 0.14184397163120568 0.0 0.0 0.0 0.0 0.0 0.0 0.0 0.0 0.0 0.0 0.0 0.0 0.0 0.0 0.0 0.0 0.0 0.0 0.0 0.0 0.0 0.0 0.0 0.0 0.0 0.0 label:1
0.17001791917376527 0.0 0.0 0.3001173529261697 0.0 0.0 0.0 0.0 0.0 0.0 0.0 0.0 0.0 0.15 0.0 0.0 0.0 0.0 0.0 0.0 0.0 0.0 0.0 0.0 0.0 0.0 0.0 0.0 0.0 0.0 0.15 0.0 0.0 0.0 0.0 0.0 0.0 0.0 0.0 0.0 0.0 0.0 0.0 0.0 0.0 0.0 0.0 0.14184397163120568 0.0 0.0 label:0
0.12998208082623472 0.15827338129496402 0.0 0.0 0.0 0.0 0.0 0.0 0.0 0.0 0.0 0.15 0.0 0.0 0.0 0.0 0.0 0.14184397163120568 0.0 0.0 0.0 0.0 0.0 0.0 0.0 0.12805659461638988 0.0 0.14184397163120568 0.0 0.0 0.0 0.0 0.0 0.0 0.0 0.0 0.0 0.0 0.0 0.0 0.0 0.0 0.0 0.0 0.15 0.0 0.0 0.0 0.0 0.0 label:0
0.0 0.0 0.0 0.0 0.0 0.0 0.0 0.0 0.0 0.0 0.0 0.0 0.0 0.0 0.0 0.0 0.15827338129496402 0.0 0.0 0.15 0.0 0.0 0.0 0.15 0.0 0.0 0.0 0.0 0.15 0.0 0.0 0.3 0.0 0.0 0.0 0.0 0.0 0.0 0.0 0.0 0.0 0.0 0.0 0.0 0.0 0.0 0.0 0.0 0.06978321332142579 0.0 label:0
0.0 0.0 0.0 0.0 0.0 0.0 0.0 0.0 0.0 0.0 0.0 0.15 0.0 0.0 0.0 0.0 0.0 0.0 0.2918439716312057 0.15 0.0 0.0 0.0 0.0 0.0 0.0 0.0 0.0 0.0 0.0 0.15 0.0 0.0 0.0 0.0 0.0 0.0 0.0 0.0 0.0 0.0 0.0 0.0 0.0 0.0 0.0 0.0 0.17793924169022007 0.08021678667857421 0.0 label:0
0.15827338129496402 0.31654676258992803 0.0 0.0 0.0 0.0 0.0 0.0 0.0 0.0 0.0 0.14184397163120568 0.0 0.0 0.0 0.0 0.0 0.0 0.0 0.0 0.0 0.0 0.0 0.13562833764150814 0.0 0.0 0.0 0.15 0.0 0.0 0.0 0.0 0.0 0.0 0.0 0.0 0.0 0.0 0.0 0.0 0.0 0.0 0.0 0.0 0.0 0.0 0.0 0.0 0.0 0.0 label:0
0.0 0.0 0.0 0.0 0.0 0.0 0.0 0.0 0.0 0.0 0.0 0.0 0.0 0.0 0.0 0.15 0.0 0.0 0.28368794326241137 0.0 0.14184397163120568 0.0 0.0 0.07435073218021329 0.0 0.15 0.0 0.0 0.0 0.0 0.0 0.0 0.0 0.0 0.0 0.0 0.0 0.0 0.15827338129496402 0.0 0.0 0.0 0.0 0.0 0.0 0.0 0.0 0.0 0.0 0.0 label:0
0.15827338129496402 0.0 0.0 0.0 0.1598617168955516 0.0 0.0 0.0 0.0 0.0 0.0 0.0 0.15 0.0 0.0 0.0 0.15 0.0 0.0 0.0 0.0 0.0 0.0 0.24002093017827855 0.0 0.0 0.0 0.0 0.0 0.0 0.0 0.0 0.0 0.0 0.0 0.14184397163120568 0.0 0.0 0.0 0.0 0.0 0.0 0.0 0.0 0.0 0.0 0.0 0.0 0.0 0.0 label:0
0.0 0.0 0.0 0.0 0.1402556360306181 0.0 0.0 0.0 0.15 0.0 0.0 0.15 0.10147098267441773 0.0 0.0 0.0 0.0 0.0 0.0 0.0 0.0 0.0 0.0 0.0 0.0 0.15827338129496402 0.0 0.0 0.0 0.0 0.0 0.15 0.0 0.0 0.0 0.0 0.0 0.0 0.0 0.0 0.0 0.0 0.0 0.0 0.0 0.0 0.0 0.0 0.15 0.0 label:0
0.0 0.0 0.0 0.0 0.0 0.0 0.0 0.0 0.0 0.0 0.0 0.0 0.0 0.0 0.0 0.0 0.0 0.0 0.0 0.0 0.15827338129496402 0.0 0.0 0.0 0.0 0.0 0.0 0.0 0.0 0.0 0.0 0.0 0.0 0.0 0.1258741258741259 0.0 0.0 0.0 0.15827338129496402 0.15827338129496402 0.0 0.0 0.14184397163120568 0.0 0.15827338129496402 0.0 0.0 0.0 0.0 0.0 label:0
0.0 0.0 0.0 0.0 0.0 0.0 0.0 0.0 0.0 0.101019072219446 0.0 0.31654676258992803 0.0 0.0 0.0 0.0 0.0 0.0 0.0 0.0 0.0 0.0 0.0 0.0 0.0 0.15827338129496402 0.0 0.0 0.0 0.0 0.0 0.265887402600698 0.0 0.0 0.0 0.0 0.0 0.0 0.0 0.15827338129496402 0.0 0.0 0.0 0.0 0.0 0.0 0.0 0.0 0.0 0.0 label:0
0.0 0.0 0.0 0.0 0.0 0.0 0.0 0.0 0.15 0.0 0.0 0.15827338129496402 0.0 0.0 0.0 0.0 0.0 0.2838028169014084 0.0 0.0 0.0 0.0 0.0 0.0 0.0 0.0 0.0 0.0 0.0 0.0 0.0 0.15827338129496402 0.0 0.0 0.0 0.0 0.0 0.0 0.0 0.14184397163120568 0.0 0.0 0.0 0.0 0.0 0.0 0.0 0.0 0.0 0.0 label:0
0.0 0.0 0.15827338129496402 0.0 0.0 0.0 0.0 0.0 0.14184397163120568 0.0 0.0 0.15 0.0 0.0 0.0 0.0 0.0 0.0 0.14184397163120568 0.0 0.0 0.0 0.0 0.0 0.0 0.15 0.0 0.0 0.0 0.0 0.0 0.15 0.0 0.0 0.0 0.0 0.0 0.0 0.0 0.0 0.0 0.0 0.0 0.0 0.0 0.0830184505343019 0.0 0.0 0.0 0.0 label:0
0.0 0.0 0.0 0.0 0.0 0.0 0.0 0.0 0.308273381294964 0.0 0.0 0.0 0.0 0.0 0.0 0.0 0.0 0.0 0.0 0.0 0.0 0.0 0.0 0.0 0.0 0.0 0.0 0.0 0.0 0.2915265376816053 0.15827338129496402 0.0 0.0 0.0 0.0 0.0 0.0 0.0 0.0 0.0 0.0 0.24192669972846653 0.0 0.0 0.0 0.0 0.0 0.0 0.0 0.0 label:0
0.0 0.0 0.14184397163120568 0.0 0.0 0.0 0.0 0.0 0.15 0.14184397163120568 0.0 0.0 0.15827338129496402 0.0 0.0 0.0 0.0 0.0 0.0 0.0 0.0 0.0 0.0 0.0 0.0 0.0 0.0 0.0 0.0 0.0 0.15 0.0 0.0 0.0 0.0 0.0 0.0 0.0 0.15 0.0 0.0 0.0 0.0 0.0 0.0 0.0 0.0 0.0 0.0 0.0 label:0
0.0 0.0 0.0 0.0 0.0 0.0 0.0 0.0 0.208273381294964 0.0 0.0 0.0 0.0 0.0 0.0 0.15 0.0 0.0 0.0 0.0 0.0 0.0 0.0 0.0 0.0 0.0 0.0 0.0 0.0 0.0 0.0 0.0 0.09187859646011459 0.0 0.14949596346641228 0.0 0.0 0.0 0.0 0.0 0.0 0.125531914893617 0.0 0.0 0.0 0.05827338129496401 0.0 0.0 0.0 0.0 label:0
0.0 0.0 0.0 0.0 0.0 0.0 0.0 0.0 0.1 0.1 0.1 0.0 0.0 0.0 0.0 0.0 0.1 0.0 0.0 0.0 0.0 0.0 0.0 0.0 0.0 0.0 0.0 0.0 0.14184397163120568 0.0 0.0 0.0 0.0 0.0 0.1 0.0 0.0 0.0 0.0 0.0 0.0 0.016312056737588676 0.14184397163120568 0.0 0.0 0.1 0.0 0.1 0.0 0.0 label:0
0.0 0.0 0.0 0.0 0.14184397163120568 0.0 0.0 0.0 0.0 0.0 0.0 0.0 0.0 0.0 0.0 0.0 0.0 0.0 0.0 0.15827338129496402 0.0 0.0 0.0 0.15 0.0 0.0 0.0 0.0 0.0 0.0 0.0 0.0 0.0 0.0 0.0 0.0 0.0 0.0 0.0 0.0 0.0 0.0 0.0 0.0 0.15 0.0 0.0 0.16666666666666666 0.15827338129496402 0.0 label:0
0.0 0.0 0.0 0.0 0.0 0.0 0.0 0.0 0.0 0.0 0.0 0.0 0.0 0.0 0.14184397163120568 0.0 0.14184397163120568 0.0 0.0 0.0 0.0 0.0 0.0 0.0 0.0 0.0 0.0 0.0 0.0 0.15827338129496402 0.15827338129496402 0.0 0.0 0.0 0.0 0.0 0.0 0.0 0.0 0.0 0.0 0.12567879034755777 0.0 0.0 0.0 0.15827338129496402 0.0 0.0 0.0 0.0 label:0
0.0 0.0 0.0 0.13380281690140844 0.0 0.0 0.0 0.0 0.0 0.0 0.0 0.0 0.0 0.0 0.0 0.0 0.0 0.0 0.0 0.0 0.16666666666666666 0.0 0.0 0.15 0.0 0.0 0.0 0.0 0.0 0.0 0.0 0.0 0.0 0.0 0.0 0.0 0.0 0.0 0.0 0.0 0.0 0.15 0.16666666666666666 0.0 0.0 0.0 0.0 0.0 0.0 0.20683300063919133 label:0
0.0 0.0 0.0 0.0 0.0 0.0 0.0 0.0 0.0 0.0 0.16666666666666666 0.0 0.0 0.0 0.14184397163120568 0.0 0.0 0.0 0.0 0.0 0.0 0.0 0.0 0.0 0.0 0.0 0.0 0.0 0.0 0.0 0.1152288371614629 0.0 0.0 0.0 0.15 0.0 0.0 0.0 0.15827338129496402 0.0 0.0 0.0 0.0 0.0 0.0 0.0 0.0 0.0 0.0 0.2679871432457007 label:0
0.0 0.0 0.15 0.0 0.0 0.0 0.0 0.0 0.0 0.0 0.0 0.0 0.0 0.0 0.0 0.0 0.0 0.0 0.0 0.0 0.0 0.14184397163120568 0.0 0.0 0.0 0.15827338129496402 0.0 0.0 0.0 0.0 0.0 0.0 0.0 0.0 0.0 0.0 0.0 0.0 0.0 0.0 0.0 0.0 0.15827338129496402 0.0 0.0 0.16666666666666666 0.0 0.18189805497869854 0.0 0.0 label:0
0.0 0.15827338129496402 0.0 0.0 0.13380281690140844 0.0 0.0 0.0 0.14184397163120568 0.0 0.0 0.0 0.0 0.0 0.0 0.0 0.0 0.0 0.0 0.14184397163120568 0.0 0.0 0.0 0.0 0.0 0.0 0.0 0.0 0.0 0.0 0.0 0.0 0.0 0.0 0.0 0.0 0.0 0.0 0.15 0.0 0.0 0.0 0.0 0.0 0.0 0.0 0.0 0.1159624772462522 0.15827338129496402 0.0 label:0
0.14184397163120568 0.15827338129496402 0.0 0.0 0.0 0.0 0.13380281690140844 0.0 0.0 0.0 0.0 0.0 0.0 0.0 0.0 0.0 0.0 0.0 0.13380281690140844 0.0 0.0 0.0 0.0 0.0 0.0 0.0 0.0 0.0 0.0 0.0 0.0 0.0 0.0 0.0 0.0 0.0 0.0 0.0 0.14184397163120568 0.0 0.0 0.0 0.0 0.0 0.0 0.0 0.0 0.1360596376026274 0.15 0.0 label:0
0.0 0.2295532601522883 0.0 0.0 0.0 0.0 0.15 0.0 0.0 0.0 0.0 0.0 0.15827338129496402 0.0 0.0 0.0 0.0 0.15 0.0 0.0 0.0 0.0 0.0 0.0 0.0 0.0 0.0 0.0 0.0 0.0 0.0 0.0 0.15389997725778362 0.0 0.0 0.0 0.0 0.0 0.0 0.0 0.0 0.0 0.0 0.0 0.0 0.0 0.0 0.0 0.15827338129496402 0.0 label:0
0.0 0.10378007318104501 0.0 0.0 0.0 0.0 0.0 0.0 0.15827338129496402 0.0 0.0 0.0 0.12955581130285723 0.0 0.0 0.0 0.0 0.14184397163120568 0.0 0.0 0.0 0.0 0.0 0.0 0.0 0.0 0.0 0.0 0.0 0.0 0.0 0.0 0.0 0.0 0.0 0.0 0.0 0.0 0.0 0.0 0.0 0.15 0.0 0.0 0.15827338129496402 0.0 0.0 0.0 0.15827338129496402 0.0 label:0
0.0 0.0 0.0 0.15 0.0 0.0 0.0 0.0 0.0 0.13380281690140844 0.0 0.0 0.0 0.0 0.0 0.0 0.15827338129496402 0.0 0.0 0.0 0.16666666666666666 0.0 0.0 0.0 0.0 0.0 0.0 0.0 0.0 0.0 0.0 0.0 0.0 0.0 0.0 0.0 0.0 0.0 0.0 0.0 0.0 0.0 0.0 0.0 0.0 0.0 0.0 0.15 0.15 0.0 label:0
0.0 0.0 0.0 0.0 0.0 0.0 0.0 0.0 0.0 0.0 0.0 0.0 0.0 0.0 0.0 0.0 0.0 0.0 0.0 0.0 0.0 0.0 0.0 0.0 0.0 0.0 0.0 0.0 0.0 0.23757778778131555 0.0 0.0 0.0 0.0 0.0 0.0 0.0 0.0 0.0 0.15827338129496402 0.0 0.28368794326241137 0.0 0.0 0.0 0.0 0.0 0.15 0.0 0.16666666666666666 label:0
0.0 0.0 0.0 0.0 0.15 0.0 0.0 0.0 0.0 0.0 0.16666666666666666 0.0 0.0 0.0 0.0 0.0 0.0 0.0 0.0 0.1462057790053576 0.0 0.0 0.0 0.0 0.0 0.0 0.0 0.0 0.0 0.0 0.0 0.15827338129496402 0.0 0.0 0.0 0.0 0.0 0.0 0.0 0.0 0.0 0.0 0.0 0.0 0.0 0.0 0.0 0.0 0.15 0.16666666666666666 label:0
0.16666666666666666 0.0 0.0 0.0 0.0 0.0 0.0 0.0 0.0 0.0734185215541949 0.0 0.0 0.0 0.0 0.0 0.0 0.0 0.0 0.12658147844580517 0.0 0.0 0.0 0.0 0.0 0.0 0.0 0.0 0.0 0.16666666666666666 0.0 0.0 0.15 0.0 0.0 0.0 0.0 0.0 0.0 0.0 0.0 0.0 0.0 0.0 0.0 0.0 0.0 0.0 0.15 0.0 0.16666666666666666 label:0
0.1111111111111111 0.0 0.0 0.0 0.0 0.0 0.0 0.0 0.15827338129496402 0.0765814784458051 0.0 0.0 0.0 0.0 0.0 0.0 0.15 0.0 0.15 0.0 0.0 0.0 0.0 0.0 0.0 0.0 0.0 0.0 0.0 0.0 0.0 0.15827338129496402 0.0 0.0 0.0 0.0 0.0 0.0 0.0 0.0 0.0 0.0 0.16666666666666666 0.0 0.0 0.0 0.0 0.0 0.0 0.0 label:0
0.15827338129496402 0.0 0.0 0.0 0.0 0.0 0.0 0.0 0.15827338129496402 0.0 0.0 0.0 0.0 0.0 0.0 0.0 0.0 0.0 0.0 0.0 0.0 0.0 0.0 0.0 0.0 0.0 0.0 0.0 0.0 0.0 0.0 0.0 0.0 0.10470883571491932 0.0 0.0 0.15 0.0 0.0 0.0 0.0 0.15827338129496402 0.0 0.0 0.0 0.0 0.0 0.15 0.12047102040018867 0.0 label:0
0.0 0.0 0.0 0.0 0.0 0.0 0.0 0.0 0.0 0.0 0.0 0.0 0.0 0.0 0.0 0.0 0.15 0.0 0.0 0.0 0.0 0.13380281690140844 0.0 0.15 0.0 0.0 0.0 0.0 0.0 0.0 0.15 0.0 0.0 0.0 0.0 0.0 0.0 0.0 0.0 0.0 0.0 0.0 0.0 0.0 0.0 0.15 0.0 0.15827338129496402 0.0 0.0 label:0
0.0 0.16666666666666666 0.0 0.0 0.0 0.0 0.0 0.0 0.0 0.0 0.16666666666666666 0.0 0.0 0.0 0.20839328537170268 0.0 0.0 0.0 0.0 0.0 0.0 0.0 0.0 0.15 0.0 0.0 0.0 0.0 0.0 0.0 0.0 0.0 0.0 0.0 0.0 0.0 0.0 0.0 0.0 0.0 0.0 0.15 0.0 0.0 0.15827338129496402 0.0 0.0 0.0 0.0 0.0 label:0
0.0 0.0 0.0 0.0 0.0 0.0 0.0701239920594211 0.0 0.15827338129496402 0.0 0.15827338129496402 0.14184397163120568 0.0 0.0 0.0 0.0 0.0 0.0 0.15 0.0 0.0 0.0 0.0 0.0 0.0 0.0 0.0 0.0 0.0 0.15 0.0 0.0 0.0 0.0 0.0 0.0 0.0 0.0 0.0 0.0 0.0 0.0 0.0 0.0 0.0 0.0 0.0 0.15 0.0 0.0 label:0
0.0 0.0 0.0 0.0 0.0 0.0 0.09654267460724555 0.0 0.15827338129496402 0.0 0.0 0.0 0.0 0.0 0.0 0.0 0.15827338129496402 0.0 0.0 0.11209041891793423 0.0 0.0 0.0 0.0 0.0 0.0 0.0 0.0 0.0 0.0 0.0 0.0 0.0 0.0 0.0 0.0 0.0 0.0 0.31654676258992803 0.0 0.0 0.0 0.15827338129496402 0.0 0.0 0.0 0.0 0.0 0.0 0.0 label:0
0.0 0.0 0.14184397163120568 0.0 0.0 0.0 0.0 0.0 0.0 0.0 0.0 0.0 0.0 0.0 0.16666666666666666 0.0 0.0 0.0 0.15827338129496402 0.0 0.0 0.16666666666666666 0.0 0.0 0.0 0.0 0.0 0.0 0.0 0.14184397163120568 0.0 0.0 0.0 0.0 0.0 0.0 0.0 0.0 0.0 0.0 0.0 0.0 0.0 0.0 0.0 0.0 0.0 0.0 0.0 0.16666666666666666 label:0
0.0 0.0 0.0 0.0 0.0 0.0 0.0 0.0 0.0 0.0 0.0 0.0 0.0 0.0 0.11150110313651684 0.0 0.0 0.0 0.0 0.0 0.0 0.0 0.0 0.14184397163120568 0.0 0.16666666666666666 0.0 0.0 0.15827338129496402 0.0 0.0 0.15 0.0 0.0 0.15 0.0 0.0 0.0 0.0 0.0 0.0 0.12171487727064681 0.0 0.0 0.0 0.0 0.0 0.0 0.0 0.0 label:0
0.0 0.0 0.0 0.0 0.15827338129496402 0.0 0.0 0.0 0.16666666666666666 0.0 0.0 0.15 0.0 0.0 0.0 0.0 0.0 0.0 0.0 0.0 0.0 0.0 0.0 0.0 0.0 0.0 0.0 0.0 0.0 0.0 0.0 0.0 0.0 0.0 0.15 0.0 0.0 0.0 0.0 0.0 0.0 0.0 0.15827338129496402 0.0 0.0 0.0 0.0 0.15 0.0 0.0 label:0
0.0 0.15 0.0 0.0 0.1278207414624159 0.0 0.0 0.0 0.15827338129496402 0.0 0.0 0.14184397163120568 0.0 0.0 0.0 0.0 0.0 0.0 0.0 0.0 0.0 0.0 0.0 0.0 0.0 0.0 0.0 0.0 0.15 0.0 0.0 0.0 0.0 0.0 0.0 0.0 0.0 0.0 0.0 0.0 0.0 0.0 0.0 0.0 0.0 0.0 0.0 0.15827338129496402 0.11378852431645028 0.0 label:0
0.0 0.0 0.0 0.0 0.0 0.0 0.0 0.0 0.0 0.0 0.0 0.15827338129496402 0.16666666666666666 0.0 0.0 0.14184397163120568 0.0 0.13380281690140844 0.0 0.0 0.0 0.0 0.0 0.0 0.0 0.0 0.0 0.0 0.0 0.0 0.15827338129496402 0.0 0.0 0.0 0.0 0.0 0.0 0.0 0.0 0.0 0.0 0.0 0.16666666666666666 0.0 0.0 0.0 0.0 0.0 0.0 0.0 label:0
0.15827338129496402 0.0 0.08586699849335108 0.0 0.0 0.0 0.0 0.0 0.0 0.0 0.0 0.0 0.0 0.0 0.0 0.0 0.0 0.0 0.0 0.0 0.0 0.0 0.0 0.12264619095509019 0.0 0.0 0.0 0.0 0.0 0.15827338129496402 0.0 0.15827338129496402 0.0 0.0 0.0 0.0 0.0 0.0 0.0 0.0 0.0 0.15 0.16666666666666666 0.0 0.0 0.0 0.0 0.0 0.0 0.0 label:0
0.0 0.0 0.08079966817331558 0.0 0.0 0.0 0.0 0.0 0.0 0.0 0.0 0.0 0.0 0.0 0.0 0.13610680664682823 0.0 0.0 0.0 0.0 0.0 0.0 0.0 0.0 0.0 0.0 0.15 0.0 0.0 0.15827338129496402 0.15827338129496402 0.0 0.0 0.0 0.0 0.0 0.15827338129496402 0.0 0.0 0.0 0.0 0.0 0.0 0.0 0.0 0.0 0.0 0.0 0.15827338129496402 0.0 label:0
0.0 0.15 0.14184397163120568 0.0 0.0 0.0 0.0 0.0 0.0 0.0 0.0 0.0 0.0 0.0 0.0 0.0 0.0 0.0 0.14184397163120568 0.0 0.0 0.15827338129496402 0.0 0.0 0.0 0.0 0.0 0.0 0.0 0.0 0.0 0.0 0.0 0.0 0.0 0.0 0.0 0.0 0.0 0.0 0.0 0.21068961904266395 0.0 0.0 0.15827338129496402 0.0 0.0 0.0 0.0 0.0 label:0
0.0 0.0 0.0 0.0 0.0 0.0 0.0 0.0 0.0 0.0 0.0 0.0 0.1024162377476999 0.0 0.0 0.15 0.0 0.0 0.0 0.0 0.0 0.0 0.0 0.0 0.0 0.15 0.0 0.0 0.0 0.0 0.0 0.0 0.0 0.0 0.0 0.0 0.0 0.0 0.16666666666666666 0.0 0.0 0.11425042891896672 0.16666666666666666 0.0 0.0 0.0 0.0 0.15 0.0 0.0 label:0
0.0 0.0 0.0 0.0 0.0 0.0 0.0 0.0 0.0 0.0 0.15827338129496402 0.16666666666666666 0.05585714354726412 0.0 0.0 0.0 0.16666666666666666 0.0 0.0 0.15827338129496402 0.0 0.0 0.0 0.0 0.0 0.0 0.0 0.0 0.0 0.0 0.0 0.0 0.0 0.0 0.0 0.0 0.0 0.0 0.0 0.0 0.0 0.13598937923451046 0.0 0.0 0.0 0.0 0.0 0.0 0.15827338129496402 0.0 label:0
0.0 0.0 0.0 0.0 0.0 0.0 0.0 0.0 0.0 0.0 0.15827338129496402 0.0 0.16666666666666666 0.0 0.0 0.0 0.16666666666666666 0.0 0.0 0.0 0.0 0.0 0.0 0.0 0.0 0.0 0.0 0.0 0.0 0.0 0.0 0.0 0.0 0.0 0.0 0.0 0.0 0.0 0.0 0.0 0.0 0.0 0.0 0.0 0.14184397163120568 0.0 0.0 0.0 0.16666666666666666 0.15 label:0
0.0 0.0 0.0 0.0 0.0 0.0 0.0 0.0 0.0 0.0 0.16666666666666666 0.15 0.15827338129496402 0.0 0.0 0.0 0.0 0.0 0.0 0.0 0.15827338129496402 0.2890680216532898 0.0 0.0 0.0 0.0 0.0 0.0 0.0 0.0 0.0 0.0 0.0 0.0 0.0 0.0 0.0 0.0 0.0 0.0 0.0 0.0 0.0 0.0 0.0 0.0 0.0 0.0 0.0 0.0 label:0
0.0 0.0 0.0 0.0 0.0 0.0 0.0 0.0 0.0 0.0 0.0 0.0 0.0 0.0 0.0 0.15 0.0 0.0 0.0 0.15827338129496402 0.0 0.0 0.0 0.0 0.0 0.15827338129496402 0.0 0.0 0.0 0.15 0.0 0.0 0.0 0.0 0.2223988038360543 0.0 0.0 0.0 0.0 0.0 0.0 0.0 0.0 0.0 0.0 0.0 0.0 0.15827338129496402 0.0 0.0 label:0
0.15 0.06920783630609498 0.0 0.0 0.0 0.0 0.0 0.0 0.0 0.0 0.0 0.0 0.0 0.0 0.0 0.0 0.3137657103108745 0.0 0.0 0.0 0.0 0.0 0.0 0.0 0.0 0.0 0.0 0.0 0.0 0.0 0.14184397163120568 0.17518248175182483 0.0 0.0 0.0 0.0 0.0 0.0 0.0 0.0 0.0 0.15 0.0 0.0 0.0 0.0 0.0 0.0 0.0 0.0 label:0
0.0 0.2726413121123965 0.0 0.0 0.0 0.0 0.0 0.0 0.0 0.0 0.0 0.0 0.16666666666666666 0.0 0.0 0.0 0.3249400479616307 0.0 0.18019641770375053 0.0 0.0 0.0 0.0 0.0 0.0 0.0 0.0 0.0 0.0 0.0 0.0 0.0 0.0 0.0 0.0 0.0 0.0 0.0 0.0 0.0 0.0 0.0 0.0 0.0 0.0 0.0 0.0 0.0 0.0 0.0 label:0
0.0 0.11093182937441401 0.15827338129496402 0.0 0.0 0.0 0.0 0.0 0.0 0.0 0.0 0.0 0.0 0.0 0.0 0.0 0.0 0.0 0.2863503448861775 0.0 0.0 0.0 0.0 0.0 0.0 0.0 0.0 0.0 0.0 0.0 0.0 0.1111111111111111 0.0 0.0 0.0 0.0 0.0 0.0 0.16666666666666666 0.0 0.0 0.0 0.0 0.0 0.0 0.0 0.0 0.0 0.16666666666666666 0.0 label:0
0.0 0.0 0.15827338129496402 0.0 0.0 0.0 0.0 0.0 0.0 0.0 0.16666666666666666 0.16666666666666666 0.136111685489522 0.0 0.0 0.0 0.0 0.0 0.0 0.0 0.0 0.0 0.0 0.0 0.0 0.0 0.0 0.0 0.0 0.0 0.0 0.0 0.0 0.0 0.15827338129496402 0.0 0.0 0.0 0.0 0.0 0.0 0.0 0.16666666666666666 0.0 0.0 0.0 0.0 0.0 0.0 0.0 label:0
0.0 0.17518248175182483 0.0 0.0 0.0 0.0 0.0 0.0 0.0 0.0 0.0 0.0 0.0 0.0 0.0 0.0 0.1525332927292776 0.0 0.0 0.16666666666666666 0.0 0.0 0.0 0.0 0.0 0.0 0.0 0.0 0.0 0.0 0.0 0.0 0.0 0.0 0.0 0.0 0.0 0.0 0.0 0.0 0.0 0.15 0.0 0.0 0.0 0.0 0.0 0.0 0.33345586304678887 0.0 label:0
0.0 0.0 0.15 0.0 0.0 0.0 0.0 0.0 0.0 0.0 0.15827338129496402 0.0 0.0 0.0 0.0 0.0 0.16413337393738905 0.0 0.0 0.0 0.0 0.0 0.0 0.0 0.0 0.15 0.0 0.0 0.0 0.0 0.0 0.15827338129496402 0.0 0.0 0.0 0.0 0.0 0.0 0.15 0.0 0.0 0.06931986347268296 0.0 0.0 0.0 0.0 0.0 0.0 0.0 0.0 label:0
0.0 0.0 0.0 0.0 0.0 0.0 0.0 0.0 0.0 0.15827338129496402 0.11955967162616019 0.0 0.0 0.0 0.0 0.0 0.0 0.0 0.0 0.16666666666666666 0.0 0.0 0.0 0.0 0.0 0.0 0.0 0.0 0.0 0.15827338129496402 0.0 0.0 0.0 0.0 0.0 0.0 0.0 0.0 0.0 0.0 0.0 0.08895351782228106 0.0 0.0 0.0 0.0 0.0 0.15 0.15827338129496402 0.0 label:0
0.0 0.0 0.0 0.0 0.0 0.0 0.0 0.0 0.0 0.0 0.20011990407673866 0.0 0.0 0.0 0.0 0.0 0.0 0.0 0.0 0.0 0.0 0.0 0.0 0.16666666666666666 0.0 0.15 0.0 0.0 0.0 0.0 0.16666666666666666 0.15827338129496402 0.0 0.0 0.0 0.0 0.0 0.0 0.0 0.0 0.0 0.0 0.0 0.0 0.0 0.0 0.0 0.0 0.15827338129496402 0.0 label:0
0.0 0.0 0.0 0.0 0.0 0.0 0.0 0.0 0.0 0.0 0.0 0.0 0.0 0.0 0.0 0.0 0.0 0.0 0.0 0.0 0.0 0.0 0.0 0.0 0.0 0.0 0.15827338129496402 0.0 0.0 0.0 0.0 0.15827338129496402 0.0 0.0 0.0 0.0 0.0 0.0 0.0 0.0 0.0 0.14184397163120568 0.31956477392729815 0.0 0.0 0.0 0.14184397163120568 0.0 0.0 0.0 label:0
0.0 0.0 0.0 0.0 0.0 0.0 0.0 0.0 0.0 0.0 0.0 0.0 0.3249400479616307 0.0 0.0 0.0 0.0 0.0 0.0 0.0 0.0 0.0 0.0 0.0 0.0 0.0 0.0 0.0 0.15 0.0 0.0 0.0 0.0 0.0 0.0 0.0 0.14184397163120568 0.0 0.0 0.0 0.0 0.0 0.18043522607270182 0.0 0.15827338129496402 0.0 0.0 0.0 0.0 0.0 label:0
0.0 0.0 0.0 0.0 0.0 0.0 0.0 0.0 0.16666666666666666 0.0 0.0 0.0 0.0 0.0 0.0 0.0 0.0 0.0 0.0 0.10549262696050218 0.0 0.0 0.0 0.0 0.0 0.0 0.0 0.0 0.15827338129496402 0.0 0.0 0.0 0.0 0.0 0.0 0.0 0.0 0.0 0.0 0.0 0.0 0.0 0.16666666666666666 0.0 0.23623399174453388 0.0 0.0 0.0 0.16666666666666666 0.0 label:0
0.0 0.0 0.0 0.0 0.0 0.0 0.0 0.0 0.0 0.0 0.0 0.0 0.0 0.0 0.0 0.0 0.0 0.0 0.0 0.0 0.0 0.0 0.0 0.0 0.0 0.11932744243824203 0.0 0.0 0.0 0.0 0.0 0.0 0.0 0.0 0.0 0.0 0.0 0.0 0.0 0.0 0.0 0.0 0.0 0.0 0.22227664655333845 0.17518248175182483 0.0 0.0 0.3249400479616307 0.15827338129496402 label:0
0.14184397163120568 0.0 0.0 0.0 0.0 0.0 0.0 0.0 0.0 0.0 0.0 0.0 0.0 0.14184397163120568 0.0 0.0 0.0 0.0 0.16666666666666666 0.0 0.0 0.0 0.0 0.15 0.0 0.047339224228424626 0.0 0.0 0.0 0.0 0.0 0.0 0.0 0.0 0.0 0.0 0.0 0.0 0.0 0.0 0.0 0.0 0.14403278454753327 0.0 0.0 0.0 0.0 0.15827338129496402 0.04999999999999999 0.0 label:0
0.0 0.0 0.0 0.0 0.0 0.0 0.0 0.0 0.0 0.0 0.0 0.0 0.16666666666666666 0.0 0.15827338129496402 0.0 0.0 0.0 0.0 0.0 0.0 0.0 0.0 0.0 0.0 0.16666666666666666 0.0 0.0 0.0 0.0 0.0 0.0520611064155862 0.0 0.0 0.0 0.0 0.0 0.0 0.0 0.0 0.0 0.0 0.20633217895611639 0.0 0.0 0.0 0.0 0.0 0.25 0.0 label:0
0.0 0.0 0.0 0.0 0.0 0.0 0.0 0.0 0.15 0.0 0.0 0.0 0.1272409625306941 0.0 0.0 0.0 0.0 0.0 0.0 0.0 0.0 0.0 0.0 0.0 0.0 0.0 0.0 0.0 0.0 0.0 0.0 0.41448565617434185 0.0 0.0 0.0 0.0 0.0 0.0 0.0 0.15 0.0 0.0 0.0 0.0 0.15827338129496402 0.0 0.0 0.0 0.0 0.0 label:0
0.0 0.17518248175182483 0.0 0.0 0.0 0.0 0.0 0.0 0.1269959031037832 0.0 0.0 0.0 0.18930580005923392 0.0 0.0 0.0 0.0 0.0 0.0 0.0 0.0 0.0 0.0 0.16666666666666666 0.0 0.17518248175182483 0.0 0.0 0.0 0.0 0.0 0.0 0.0 0.0 0.0 0.0 0.0 0.0 0.0 0.0 0.0 0.0 0.0 0.0 0.0 0.0 0.0 0.0 0.16666666666666666 0.0 label:0
0.0 0.0 0.0 0.0 0.0 0.0 0.0 0.0 0.0 0.0 0.0 0.0 0.0 0.0 0.0 0.0 0.0 0.0 0.0 0.0 0.0 0.0 0.0 0.3249400479616307 0.0 0.16666666666666666 0.0 0.0 0.0 0.0 0.0 0.16666666666666666 0.0 0.0 0.0 0.0 0.0 0.0 0.14378247384718854 0.0 0.0 0.15827338129496402 0.0 0.0 0.0 0.0 0.0 0.0 0.0 0.0 label:0
0.0 0.0 0.0 0.0 0.0 0.0 0.0 0.0 0.14184397163120568 0.0 0.16666666666666666 0.0 0.0 0.0 0.0 0.0 0.0 0.16666666666666666 0.14132981597320535 0.0 0.0 0.15827338129496402 0.0 0.0 0.0 0.0 0.0 0.0 0.0 0.0 0.0 0.0 0.0 0.0 0.0 0.0 0.0 0.0 0.0 0.15827338129496402 0.0 0.0 0.0 0.0 0.0 0.0 0.0 0.0 0.0 0.0 label:0
0.2727272727272727 0.0 0.0 0.0 0.0 0.0 0.0 0.0 0.0 0.0 0.0 0.0 0.0 0.0 0.0 0.0 0.043539965570846495 0.0 0.0 0.0 0.0 0.0 0.0 0.15827338129496402 0.0 0.0 0.0 0.0 0.16666666666666666 0.0 0.0 0.0 0.0 0.0 0.0 0.0 0.0 0.0 0.0 0.0 0.0 0.0 0.17518248175182483 0.0 0.16666666666666666 0.0 0.0 0.0 0.0 0.0 label:0
0.17518248175182483 0.0 0.0 0.0 0.0 0.0 0.0 0.0 0.0 0.0 0.0 0.0 0.0 0.0 0.0 0.0 0.12312670109582016 0.0 0.15827338129496402 0.0 0.0 0.0 0.0 0.0 0.0 0.0 0.0 0.0 0.0 0.0 0.0 0.0 0.0 0.0 0.0 0.0 0.0 0.0 0.15827338129496402 0.0 0.0 0.15827338129496402 0.0 0.0 0.0 0.0 0.0 0.16666666666666666 0.0 0.0 label:0
0.10169336830292408 0.0 0.16666666666666666 0.0 0.0 0.0 0.0 0.0 0.0 0.0 0.3333333333333333 0.0 0.16666666666666666 0.0 0.0 0.0 0.0 0.0 0.0 0.14184397163120568 0.0 0.0 0.0 0.08979599339920372 0.0 0.0 0.0 0.0 0.0 0.0 0.0 0.0 0.0 0.0 0.0 0.0 0.0 0.0 0.0 0.0 0.0 0.0 0.0 0.0 0.0 0.0 0.0 0.0 0.0 0.0 label:0
0.0 0.0 0.14184397163120568 0.0 0.0 0.0 0.0 0.0 0.0 0.0 0.0 0.0 0.0 0.0 0.0 0.0 0.0 0.0 0.0 0.0 0.0 0.0 0.0 0.16666666666666666 0.0 0.0 0.0 0.0 0.0 0.14184397163120568 0.0 0.4749400479616307 0.0 0.0 0.0 0.0 0.0 0.0 0.0 0.0 0.0 0.0 0.0 0.0 0.0 0.0 0.0 0.0 0.0 0.0 label:0
0.0 0.0 0.15827338129496402 0.0 0.0 0.0 0.0 0.0 0.0 0.0 0.0 0.0 0.16666666666666666 0.0 0.0 0.17518248175182483 0.0 0.0 0.0 0.15827338129496402 0.0 0.0 0.0 0.0 0.0 0.0 0.0 0.0 0.0 0.0 0.0 0.0 0.0 0.0 0.0 0.0 0.0 0.0 0.0 0.0 0.0 0.0 0.0 0.0 0.0 0.0 0.0 0.0 0.3158102247226399 0.0 label:0
0.0 0.0 0.0 0.0 0.0 0.0 0.0 0.0 0.17518248175182483 0.0 0.0 0.0 0.0 0.0 0.0 0.0 0.16666666666666666 0.0 0.0 0.0 0.0 0.0 0.0 0.0 0.0 0.13247951702602337 0.0 0.0 0.0 0.0 0.0 0.0 0.0 0.0 0.0 0.0 0.0 0.0 0.0 0.0 0.0 0.0 0.0 0.0 0.15827338129496402 0.15827338129496402 0.0 0.15827338129496402 0.0 0.0 label:0
0.0 0.0 0.0 0.0 0.0 0.0 0.0 0.0 0.0 0.0 0.06714756533556696 0.0 0.13297233874117162 0.0 0.0 0.0 0.0 0.0 0.15827338129496402 0.0 0.0 0.0 0.0 0.0 0.0 0.0 0.0 0.0 0.0 0.0 0.0 0.0 0.0 0.0 0.0 0.0 0.0 0.0 0.16666666666666666 0.0 0.0 0.0 0.15827338129496402 0.0 0.0 0.0 0.0 0.0 0.16666666666666666 0.15 label:0
0.0 0.0 0.17518248175182483 0.0 0.0 0.0 0.0 0.0 0.0 0.0 0.11667596407619776 0.0 0.0 0.0 0.0 0.0 0.16666666666666666 0.0 0.16666666666666666 0.0 0.0 0.0 0.0 0.0 0.0 0.0 0.0 0.0 0.0 0.0 0.0 0.0 0.0 0.0 0.0 0.0 0.0 0.0 0.0 0.0 0.0 0.3249400479616307 0.0 0.0 0.0 0.0 0.0 0.0 0.0 0.0 label:0
0.0 0.0 0.0 0.0 0.0 0.0 0.0 0.0 0.17518248175182483 0.0 0.0 0.0 0.16666666666666666 0.0 0.0 0.0 0.34184914841849146 0.0 0.0 0.0 0.0 0.0 0.0 0.11679849378965312 0.0 0.0 0.0 0.0 0.0 0.0 0.0 0.0 0.0 0.0 0.0 0.0 0.0 0.0 0.0 0.0 0.0 0.0 0.0 0.0 0.0 0.0 0.0 0.15827338129496402 0.0 0.0 label:0
0.0 0.0 0.0 0.0 0.0 0.0 0.0 0.0 0.0 0.0 0.17518248175182483 0.0 0.0 0.0 0.0 0.0 0.0 0.0 0.15827338129496402 0.0 0.0 0.0 0.0 0.16666666666666666 0.0 0.0 0.0 0.0 0.0 0.0 0.1170435532165641 0.0 0.0 0.0 0.0 0.0 0.0 0.0 0.0 0.0 0.0 0.15827338129496402 0.0 0.0 0.0 0.0 0.0 0.16666666666666666 0.05789386910834976 0.0 label:0
0.0 0.0 0.0 0.0 0.0 0.0 0.0 0.0 0.0 0.0 0.16666666666666666 0.0 0.0 0.0 0.0 0.0 0.09184914841849148 0.0 0.0 0.0 0.0 0.0 0.0 0.16666666666666666 0.0 0.0 0.0 0.0 0.0 0.0 0.0 0.14110467272822774 0.0 0.0 0.0 0.0 0.0 0.0 0.0 0.0 0.0 0.15827338129496402 0.0 0.0 0.0 0.0 0.0 0.0 0.1087727975583169 0.16666666666666666 label:0
0.0 0.15 0.0 0.0 0.0 0.0 0.0 0.0 0.0 0.0 0.17518248175182483 0.0 0.34184914841849146 0.0 0.0 0.0 0.0 0.0 0.15 0.0 0.0 0.0 0.0 0.0 0.0 0.0 0.0 0.0 0.0 0.0 0.0 0.0 0.0 0.0 0.0 0.0 0.0 0.0 0.0 0.0 0.0 0.18222907092670562 0.0 0.0 0.0 0.0 0.0 0.0 0.0 0.0 label:0
0.16666666666666666 0.0 0.0 0.0 0.0 0.0 0.0 0.0 0.0 0.0 0.3249400479616307 0.0 0.08369829683698299 0.0 0.0 0.0 0.0 0.0 0.0 0.0 0.0 0.0 0.0 0.0 0.0 0.0 0.0 0.0 0.0 0.0 0.0 0.0 0.0 0.0 0.0 0.0 0.0 0.0 0.0 0.0 0.0 0.1260443103682584 0.17518248175182483 0.0 0.0 0.0 0.0 0.0 0.0 0.0 label:0
0.0 0.0 0.0 0.0 0.0 0.0 0.0 0.25 0.0 0.0 0.0 0.0 0.0 0.0 0.0 0.0 0.25 0.0 0.0 0.0 0.0 0.0 0.0 0.0 0.0 0.0 0.0 0.0 0.0 0.0 0.0 0.0 0.0 0.0 0.25 0.0 0.0 0.0 0.0 0.0 0.0 0.0 0.0 0.0 0.0 0.0 0.0 0.25 0.0 0.0 label:0
0.0 0.0 0.09355825696839401 0.0 0.0 0.0 0.0 0.0 0.0 0.0 0.17518248175182483 0.0 0.26666666666666666 0.0 0.0 0.0 0.0 0.0 0.0 0.0 0.0 0.0 0.0 0.0 0.0 0.0 0.0 0.0 0.0 0.0 0.0 0.17518248175182483 0.0 0.0 0.0 0.0 0.0 0.0 0.0 0.0 0.0 0.16666666666666666 0.0 0.0 0.0 0.0 0.0 0.0 0.12274344619462302 0.0 label:0
0.0 0.0 0.0 0.0 0.0 0.0 0.0 0.0 0.0 0.0 0.39752723368750253 0.0 0.3723447519356778 0.0 0.0 0.0 0.15827338129496402 0.0 0.0 0.0 0.0 0.0 0.0 0.0 0.0 0.0 0.0 0.0 0.0 0.0 0.0 0.0 0.0 0.0 0.0 0.0 0.0 0.0 0.0 0.0 0.0 0.0 0.0 0.0 0.0 0.0 0.0 0.0 0.0 0.0 label:0
0.0 0.0 0.0 0.0 0.0 0.0 0.0 0.0 0.0 0.0 0.4444444444444444 0.0 0.1277777777777777 0.0 0.0 0.0 0.0 0.0 0.1111111111111111 0.0 0.0 0.0 0.0 0.0 0.0 0.31666666666666665 0.0 0.0 0.0 0.0 0.0 0.0 0.0 0.0 0.0 0.0 0.0 0.0 0.0 0.0 0.0 0.0 0.0 0.0 0.0 0.0 0.0 0.0 0.0 0.0 label:0
0.0 0.0 0.0 0.0 0.0 0.0 0.0 0.0 0.0 0.0 0.0 0.0 0.3249400479616307 0.0 0.0 0.0 0.0 0.0 0.0 0.0 0.0 0.0 0.0 0.0 0.0 0.0 0.0 0.0 0.0 0.0 0.0 0.15827338129496402 0.0 0.0 0.0 0.0 0.0 0.0 0.0 0.0 0.0 0.17518248175182483 0.18382352941176472 0.0 0.0 0.0 0.0 0.0 0.15497911166953304 0.0 label:0
0.0 0.0 0.0 0.0 0.0 0.0 0.0 0.0 0.16666666666666666 0.0 0.0 0.0 0.06912187569121878 0.0 0.0 0.0 0.1357347062648587 0.0 0.15 0.0 0.0 0.0 0.0 0.0 0.0 0.0 0.0 0.0 0.0 0.0 0.0 0.0 0.0 0.0 0.0 0.0 0.0 0.0 0.15 0.0 0.0 0.0 0.0 0.0 0.0 0.0 0.0 0.15 0.1784767513772558 0.0 label:0
0.0 0.0 0.0 0.0 0.0 0.0 0.0 0.0 0.0631273376143246 0.0 0.0 0.0 0.2727272727272727 0.0 0.0 0.0 0.0 0.0 0.15827338129496402 0.0 0.0 0.0 0.0 0.16666666666666666 0.0 0.0 0.0 0.0 0.0 0.0 0.0 0.0 0.0 0.0 0.0 0.0 0.0 0.0 0.0 0.0 0.0 0.16666666666666666 0.0 0.0 0.15 0.0 0.0 0.0 0.0 0.0 label:0
0.0 0.17518248175182483 0.0 0.0 0.0 0.0 0.0 0.0 0.10353932905234206 0.0 0.0 0.0 0.06251461182243767 0.0 0.0 0.0 0.0 0.0 0.0 0.0 0.0 0.0 0.0 0.0 0.0 0.18382352941176472 0.0 0.0 0.0 0.0 0.15 0.0 0.0 0.0 0.0 0.0 0.0 0.0 0.0 0.0 0.0 0.16666666666666666 0.0 0.0 0.0 0.0 0.0 0.15827338129496402 0.0 0.0 label:0
0.0 0.0 0.0 0.0 0.0 0.0 0.0 0.0 0.0 0.0 0.17518248175182483 0.0 0.287850351681212 0.0 0.0 0.0 0.20949620724202095 0.0 0.12393254138638427 0.0 0.0 0.0 0.0 0.0 0.0 0.0 0.0 0.0 0.0 0.0 0.0 0.0 0.0 0.0 0.0 0.0 0.0 0.0 0.0 0.0 0.0 0.0 0.0 0.0 0.0 0.0 0.0 0.0 0.16666666666666666 0.0 label:0
0.0 0.0 0.0 0.0 0.0 0.0 0.0 0.0 0.0 0.0 0.0 0.0 0.18382352941176472 0.0 0.0 0.0 0.3333333333333333 0.0 0.05124994036544056 0.0 0.0 0.0 0.0 0.0 0.0 0.0 0.0 0.0 0.0 0.0 0.0 0.17518248175182483 0.0 0.0 0.0 0.0 0.0 0.0 0.0 0.0 0.0 0.0 0.2222222222222222 0.0 0.0 0.0 0.0 0.0 0.0 0.0 label:0
0.0 0.0 0.0 0.0 0.0 0.0 0.0 0.0 0.0 0.0 0.5 0.0 0.0 0.0 0.0 0.0 0.18382352941176472 0.0 0.0 0.0 0.0 0.0 0.0 0.0 0.0 0.0 0.0 0.0 0.0 0.0 0.0 0.18382352941176472 0.0 0.0 0.0 0.0 0.0 0.0 0.0 0.0 0.0 0.0 0.0 0.0 0.0 0.0 0.0 0.0 0.0 0.0 label:0
0.0 0.0 0.0 0.0 0.0 0.0 0.0 0.0 0.0 0.0 0.0 0.0 0.35036496350364965 0.0 0.0 0.0 0.0 0.0 0.0 0.0 0.0 0.0 0.0 0.36552917741341673 0.0 0.0 0.0 0.0 0.0 0.0 0.0 0.0 0.0 0.0 0.0 0.0 0.0 0.0 0.0 0.0 0.0 0.1002823296711689 0.0 0.0 0.0 0.0 0.0 0.0 0.18382352941176472 0.0 label:0
0.0 0.0 0.0 0.0 0.0 0.0 0.0 0.0 0.16666666666666666 0.0 0.0 0.0 0.14714137727711243 0.0 0.0 0.0 0.3677750743444174 0.0 0.0 0.0 0.0 0.0 0.0 0.14323439995997866 0.0 0.0 0.0 0.0 0.0 0.0 0.0 0.0 0.0 0.0 0.0 0.0 0.0 0.0 0.0 0.0 0.0 0.0 0.17518248175182483 0.0 0.0 0.0 0.0 0.0 0.0 0.0 label:0
0.0 0.0 0.0 0.0 0.0 0.0 0.0 0.0 0.0 0.0 0.18382352941176472 0.15827338129496402 0.14074622654817323 0.0 0.0 0.0 0.18382352941176472 0.0 0.0 0.0 0.0 0.0 0.0 0.16666666666666666 0.0 0.0 0.0 0.0 0.0 0.0 0.0 0.0 0.0 0.0 0.0 0.0 0.0 0.0 0.0 0.0 0.0 0.16666666666666666 0.0 0.0 0.0 0.0 0.0 0.0 0.0 0.0 label:0
0.0 0.0 0.0 0.0 0.0 0.0 0.0 0.0 0.0 0.0 0.23616647035564803 0.0 0.08852851817907165 0.0 0.0 0.0 0.17518248175182483 0.0 0.0 0.0 0.0 0.0 0.0 0.0 0.0 0.0 0.0 0.0 0.0 0.0 0.0 0.16666666666666666 0.0 0.0 0.0 0.0 0.0 0.0 0.0 0.0 0.0 0.33345586304678887 0.0 0.0 0.0 0.0 0.0 0.0 0.0 0.0 label:0
0.0 0.0 0.0 0.0 0.0 0.0 0.0 0.0 0.0 0.0 0.324073181060474 0.0 0.0 0.0 0.0 0.0 0.31692080777593645 0.0 0.0 0.0 0.0 0.0 0.0 0.0 0.0 0.0 0.0 0.0 0.0 0.0 0.0 0.17518248175182483 0.0 0.0 0.0 0.0 0.0 0.0 0.0 0.0 0.0 0.18382352941176472 0.0 0.0 0.0 0.0 0.0 0.0 0.0 0.0 label:0
0.0 0.0 0.0 0.0 0.0 0.0 0.0 0.0 0.0 0.0 0.423339144884328 0.0 0.23223908960516823 0.0 0.0 0.0 0.0 0.0 0.0 0.0 0.0 0.0 0.0 0.0 0.0 0.0 0.0 0.0 0.0 0.0 0.0 0.0 0.0 0.0 0.0 0.0 0.0 0.0 0.0 0.0 0.0 0.14418571054134227 0.0 0.0 0.0 0.0 0.0 0.0 0.16666666666666666 0.0 label:0
0.0 0.0 0.0 0.0 0.0 0.0 0.0 0.0 0.0 0.0 0.3333333333333333 0.0 0.3333333333333333 0.0 0.0 0.0 0.0 0.0 0.0 0.0 0.0 0.0 0.0 0.0 0.0 0.0 0.0 0.0 0.0 0.0 0.0 0.0 0.0 0.0 0.0 0.0 0.0 0.0 0.0 0.0 0.0 0.14950980392156865 0.0 0.0 0.0 0.0 0.0 0.0 0.18382352941176472 0.0 label:0
0.0 0.0 0.0 0.0 0.0 0.0 0.0 0.0 0.0 0.0 0.3333333333333333 0.0 0.33333333333333337 0.0 0.0 0.0 0.0 0.0 0.0 0.0 0.0 0.0 0.0 0.0 0.0 0.0 0.0 0.0 0.0 0.0 0.0 0.0 0.0 0.0 0.0 0.0 0.0 0.0 0.0 0.0 0.0 0.14074074074074075 0.0 0.0 0.0 0.0 0.0 0.0 0.1925925925925926 0.0 label:0
0.0 0.0 0.0 0.0 0.0 0.0 0.0 0.0 0.0 0.0 0.3 0.0 0.5 0.0 0.0 0.0 0.0 0.0 0.0 0.0 0.0 0.0 0.0 0.0 0.0 0.0 0.0 0.0 0.0 0.0 0.0 0.0 0.0 0.0 0.0 0.0 0.0 0.0 0.0 0.0 0.0 0.08284313725490189 0.0 0.0 0.0 0.0 0.0 0.0 0.11715686274509812 0.0 label:0
0.0 0.0 0.0 0.0 0.0 0.0 0.0 0.0 0.0 0.0 0.4666666666666667 0.0 0.4666666666666666 0.0 0.0 0.0 0.0 0.0 0.0 0.0 0.0 0.0 0.0 0.0 0.0 0.0 0.0 0.0 0.0 0.0 0.0 0.0 0.0 0.0 0.0 0.0 0.0 0.0 0.0 0.0 0.0 0.0 0.0 0.0 0.0 0.0 0.0 0.0 0.0666666666666666 0.0 label:0
